0 0.898093 0.187641 0.49482 0.308724 0.988193
0 0.809891 0.535035 0.472319 0.071087 0.200582
0 0.26366 0.685822 0.418332 0.028251 0.067277
0 0.264458 0.604244 0.412743 0.045088 0.077619
0 0.917248 0.411434 0.427618 0.043053 0.164818
0 0.812558 0.483736 0.440432 0.039112 0.144946
0 0.849435 0.709776 0.474708 0.073341 0.22471
0 0.808787 0.448001 0.439714 0.032505 0.142636
0 0.726863 0.637249 0.467671 0.080397 0.195365
0 0.561624 0.589424 0.478742 0.069914 0.203769
0 0.479204 0.565292 0.489264 0.031279 0.182721
