0 0.519638 0.772193 0.560156 0.163235 0.397541
0 0.624353 0.687812 0.46164 0.086553 0.133147
0 0.88601 0.62645 0.499102 0.075051 0.288211
0 0.801247 0.833982 0.460977 0.069074 0.142452
0 0.709888 0.526141 0.486835 0.032973 0.163601
0 0.757193 0.496681 0.48544 0.04338 0.182493
0 0.880906 0.392814 0.464312 0.037569 0.082396
0 0.75682 0.46405 0.484212 0.038472 0.158783
0 0.863023 0.344313 0.463144 0.039684 0.08527
0 0.838607 0.303068 0.46024 0.030814 0.085028
0 0.714876 0.786796 0.447965 0.119172 0.174212
0 0.506326 0.442551 0.449422 0.024003 0.035908
0 0.2583 0.689774 0.521688 0.096097 0.25683
