0 0.353689 0.942473 0.646442 0.115053 0.704799
0 0.936967 0.65399 0.482389 0.110543 0.406339
0 0.865267 0.877084 0.628324 0.238829 0.661216
0 0.830322 0.427521 0.471563 0.042703 0.184721
0 0.693008 0.515681 0.479308 0.037122 0.204116
0 0.910845 0.296011 0.448616 0.047468 0.103446
0 0.778616 0.464219 0.473724 0.036 0.203305
0 0.870285 0.354594 0.477065 0.045266 0.153844
0 0.80874 0.246349 0.445787 0.035557 0.105512
0 0.719728 0.490179 0.473886 0.054917 0.225125
0 0.267317 0.98019 0.64245 0.039619 0.715101
