0 0.896209 0.883041 0.544558 0.121156 0.296923
0 0.787968 0.544229 0.481305 0.065548 0.356439
0 0.862593 0.813717 0.47521 0.131997 0.460591
0 0.755393 0.483972 0.479661 0.119891 0.432191
0 0.770985 0.63365 0.47761 0.085128 0.369799
0 0.342556 0.14541 0.470499 0.133637 0.256157
0 0.792332 0.07627 0.436121 0.075543 0.149317
0 0.635343 0.211651 0.43842 0.066813 0.125566
0 0.738238 0.271014 0.51943 0.102949 0.341511
0 0.275138 0.168459 0.383823 0.043174 0.09218
0 0.686156 0.434793 0.433222 0.03301 0.047141
0 0.438608 0.900642 0.450526 0.071527 0.108528
0 0.435726 0.408363 0.435988 0.018359 0.038934
0 0.343655 0.750138 0.395297 0.047307 0.148569
