0 0.468172 0.351094 0.474457 0.086194 0.19824
0 0.878684 0.165753 0.507779 0.133026 0.300067
0 0.666534 0.268664 0.441286 0.0326 0.043269
0 0.307323 0.221849 0.427673 0.044217 0.047843
0 0.381992 0.445554 0.474888 0.013784 0.031122
0 0.829074 0.478181 0.47667 0.024627 0.083869
0 0.69414 0.303797 0.53248 0.115272 0.262355
0 0.523484 0.223882 0.445461 0.050493 0.081428
0 0.383534 0.25163 0.441304 0.019327 0.036533
0 0.311437 0.42802 0.48227 0.012425 0.052808
0 0.301176 0.427672 0.468762 0.012069 0.026711
