0 0.923438 0.264696 0.430545 0.148474 0.541971
0 0.869133 0.37402 0.479905 0.15177 0.504638
0 0.740278 0.564806 0.48855 0.084651 0.220255
0 0.827364 0.65524 0.431669 0.077214 0.111124
0 0.705233 0.619701 0.419234 0.050094 0.06412
0 0.861904 0.707095 0.489618 0.117822 0.226369
0 0.450099 0.048006 0.415781 0.094782 0.831289
0 0.73278 0.704264 0.432554 0.035803 0.078509
0 0.49431 0.543747 0.405947 0.029347 0.044627
0 0.808225 0.514372 0.423636 0.040783 0.111676
0 0.273115 0.580286 0.426568 0.035206 0.102906
