0 0.344796 0.610959 0.442838 0.035469 0.053583
0 0.839542 0.715592 0.446406 0.042417 0.072921
0 0.810794 0.568155 0.479568 0.057026 0.133082
0 0.843002 0.681991 0.506924 0.074405 0.214814
0 0.564026 0.597749 0.447342 0.020272 0.046735
0 0.54507 0.776169 0.508783 0.060125 0.22527
0 0.351033 0.58021 0.444093 0.022475 0.060674
0 0.346932 0.65505 0.428095 0.02719 0.033124
0 0.338558 0.614263 0.431512 0.024871 0.030907
0 0.264909 0.650896 0.434263 0.023785 0.02652
0 0.255351 0.519993 0.465834 0.014387 0.039998
