0 0.903351 0.708882 0.493854 0.075917 0.218393
0 0.804585 0.537999 0.491966 0.080254 0.197443
0 0.867661 0.473804 0.458507 0.085514 0.245919
0 0.931272 0.367643 0.44422 0.077969 0.24127
0 0.706727 0.956465 0.555423 0.086949 0.562463
0 0.416208 0.604359 0.436987 0.051928 0.08669
0 0.788492 0.637059 0.467609 0.079637 0.153756
0 0.583273 0.68731 0.441044 0.039456 0.081633
0 0.749312 0.436065 0.462966 0.047376 0.212755
0 0.644972 0.416414 0.440098 0.023796 0.144546
0 0.521328 0.565935 0.448117 0.026913 0.055579
0 0.357224 0.590979 0.493328 0.077654 0.205457
