0 0.676475 0.172884 0.510246 0.098538 0.273877
0 0.634589 0.055328 0.524453 0.066381 0.412814
0 0.450273 0.438165 0.459009 0.016884 0.056069
0 0.838295 0.371553 0.457594 0.048005 0.12115
0 0.281196 0.09583 0.464069 0.051754 0.171099
0 0.809876 0.454266 0.463967 0.03926 0.11707
0 0.753742 0.293151 0.414596 0.02412 0.03526
0 0.7498 0.264574 0.421698 0.039465 0.063973
0 0.687192 0.342887 0.46406 0.064689 0.144441
0 0.579633 0.42135 0.45558 0.017847 0.060957
0 0.572298 0.240077 0.419483 0.029593 0.031039
0 0.479022 0.404766 0.451819 0.016581 0.027117
