0 0.518329 0.159321 0.496614 0.098968 0.23905
0 0.271586 0.159117 0.428278 0.088604 0.098823
0 0.737268 0.313434 0.454279 0.058992 0.12261
0 0.779661 0.079002 0.531158 0.050982 0.302218
0 0.825113 0.404038 0.455811 0.034564 0.103519
0 0.756614 0.333609 0.453675 0.046357 0.114138
0 0.660443 0.213381 0.41802 0.034669 0.032824
0 0.657154 0.265106 0.413375 0.027947 0.035775
0 0.62551 0.242474 0.416406 0.028815 0.056975
0 0.459465 0.364783 0.446101 0.018693 0.027808
0 0.39929 0.377057 0.443168 0.016557 0.044059
