0 0.805833 0.109873 0.527381 0.219746 0.401154
0 0.803572 0.374224 0.461352 0.076082 0.25829
0 0.587803 0.19767 0.437247 0.060673 0.100404
0 0.782484 0.247185 0.43775 0.040339 0.069541
0 0.779481 0.281746 0.546559 0.140745 0.344271
0 0.268546 0.184726 0.414869 0.034131 0.056438
0 0.413393 0.214643 0.419052 0.026002 0.04981
0 0.83381 0.471901 0.472704 0.031197 0.093578
0 0.577149 0.44791 0.480604 0.012995 0.05484
0 0.328358 0.065517 0.41299 0.128155 0.173429
0 0.267611 0.212791 0.440448 0.031997 0.0946
