0 0.806233 0.196845 0.520042 0.103855 0.283028
0 0.692053 0.035624 0.54107 0.070889 0.486368
0 0.276881 0.342408 0.420066 0.048356 0.049193
0 0.815683 0.419997 0.461159 0.049341 0.128333
0 0.834935 0.504742 0.466122 0.039786 0.131473
0 0.786488 0.277888 0.419662 0.030357 0.033123
0 0.760797 0.38782 0.490821 0.068236 0.200391
0 0.758892 0.302247 0.419484 0.045146 0.069977
0 0.672624 0.521884 0.47071 0.014913 0.05551
0 0.63655 0.459386 0.455925 0.016687 0.02789
0 0.596343 0.475824 0.456535 0.019764 0.055432
0 0.46924 0.101702 0.43174 0.083093 0.111886
0 0.423422 0.333568 0.414198 0.029761 0.036143
