0 0.900759 0.886956 0.541142 0.185372 0.407068
0 0.717804 0.551895 0.497731 0.068768 0.178985
0 0.853835 0.506294 0.459509 0.063218 0.235125
0 0.439455 0.613742 0.448237 0.04781 0.076491
0 0.375074 0.714788 0.445606 0.042571 0.092264
0 0.873741 0.431311 0.465445 0.060471 0.207065
0 0.514458 0.68443 0.448862 0.02741 0.070773
0 0.469726 0.642596 0.474036 0.069729 0.137019
0 0.781243 0.57763 0.454729 0.028628 0.045855
0 0.807068 0.466951 0.457248 0.043448 0.170466
0 0.756802 0.702158 0.497744 0.067905 0.194166
