0 0.873491 0.48767 0.443841 0.101894 0.392807
0 0.931673 0.36493 0.468592 0.106423 0.368235
0 0.786076 0.707771 0.498878 0.067744 0.195522
0 0.801641 0.555439 0.496987 0.069379 0.182917
0 0.817008 0.906869 0.554573 0.163475 0.39695
0 0.361726 0.61772 0.451587 0.046348 0.083764
0 0.857153 0.437767 0.468129 0.025375 0.105508
0 0.774012 0.58442 0.456656 0.026985 0.050121
0 0.643105 0.687996 0.452453 0.030276 0.067811
0 0.583903 0.516447 0.47352 0.028332 0.100142
0 0.563268 0.64558 0.486635 0.072282 0.15905
0 0.33651 0.98377 0.504782 0.032227 0.301621
0 0.290062 0.932091 0.444999 0.106319 0.177618
