0 0.939552 0.480131 0.467208 0.093081 0.333092
0 0.305171 0.129983 0.380002 0.097991 0.076249
0 0.471908 0.265103 0.519775 0.131955 0.32191
0 0.630465 0.049053 0.381314 0.051935 0.071901
0 0.803607 0.424099 0.464681 0.022733 0.093573
0 0.756022 0.315322 0.516909 0.104429 0.291377
0 0.734578 0.446277 0.468989 0.02142 0.101267
0 0.729495 0.327974 0.459849 0.075329 0.168951
0 0.581747 0.399628 0.451965 0.020258 0.030201
0 0.577816 0.101612 0.401785 0.046449 0.092736
0 0.547954 0.376809 0.444793 0.015711 0.023637
0 0.515829 0.358752 0.437566 0.020194 0.033003
0 0.357157 0.154563 0.375206 0.048331 0.067292
