0 0.948538 0.267218 0.465151 0.145633 0.533056
0 0.566616 0.552467 0.489229 0.06382 0.198958
0 0.9289 0.861508 0.546474 0.223602 0.387724
0 0.865018 0.478936 0.466859 0.064217 0.24498
0 0.922766 0.420966 0.458974 0.076155 0.260205
0 0.78652 0.678475 0.448067 0.031912 0.071254
0 0.619976 0.596091 0.489194 0.0744 0.205659
0 0.612669 0.604213 0.414733 0.042473 0.082026
0 0.743496 0.639829 0.473228 0.074429 0.137192
0 0.799809 0.702318 0.49907 0.068015 0.192659
0 0.260355 0.509081 0.447122 0.034425 0.15433
