0 0.921617 0.863724 0.545281 0.226983 0.391603
0 0.91904 0.09114 0.489538 0.181749 0.979076
0 0.440715 0.713145 0.44599 0.048488 0.091289
0 0.763596 0.595825 0.477646 0.082456 0.228275
0 0.68458 0.549793 0.477142 0.063258 0.205419
0 0.349202 0.471748 0.464266 0.029684 0.182005
0 0.8939 0.437784 0.456658 0.061919 0.199746
0 0.753853 0.64858 0.448775 0.051836 0.084964
0 0.766505 0.493618 0.465843 0.05288 0.194185
0 0.680504 0.515291 0.465574 0.035462 0.199423
0 0.652825 0.683399 0.450851 0.029273 0.070668
0 0.633905 0.703173 0.497974 0.068884 0.193035
0 0.335575 0.415847 0.468413 0.022949 0.157123
0 0.25362 0.473656 0.403434 0.022394 0.052191
