0 0.841856 0.675801 0.446373 0.039543 0.071363
0 0.570015 0.492807 0.468835 0.016228 0.045615
0 0.798047 0.533777 0.479817 0.05024 0.125079
0 0.817719 0.638827 0.502593 0.068294 0.193962
0 0.557742 0.575893 0.441285 0.028163 0.044269
0 0.540536 0.546991 0.444951 0.018832 0.054228
0 0.491674 0.563395 0.446409 0.017678 0.045936
0 0.474902 0.607374 0.434882 0.022002 0.052349
0 0.362453 0.579629 0.432447 0.020925 0.026743
0 0.268228 0.63656 0.426654 0.035686 0.043131
0 0.251718 0.723268 0.507041 0.062246 0.205556
