0 0.513661 0.32258 0.469919 0.081421 0.177481
0 0.668739 0.168191 0.501299 0.102397 0.268899
0 0.834992 0.441468 0.474004 0.019722 0.073916
0 0.646828 0.161187 0.456384 0.031936 0.070629
0 0.645772 0.201319 0.447905 0.043552 0.07706
0 0.614338 0.239348 0.451051 0.036245 0.064396
0 0.530735 0.286375 0.5138 0.104666 0.230499
0 0.526141 0.407227 0.472595 0.013747 0.032904
0 0.491526 0.137528 0.503472 0.043631 0.274524
0 0.412977 0.427593 0.470977 0.011359 0.034278
0 0.412182 0.191337 0.512318 0.074573 0.2028
0 0.330157 0.388294 0.476635 0.011532 0.052801
0 0.258059 0.390018 0.465867 0.012363 0.027865
