0 0.87069 0.606224 0.523825 0.117113 0.228501
0 0.934006 0.830522 0.548561 0.14929 0.354908
0 0.912327 0.678869 0.550285 0.109192 0.336742
0 0.878422 0.385836 0.475274 0.130215 0.452422
0 0.831035 0.436038 0.468011 0.07369 0.382697
0 0.45418 0.537907 0.460273 0.033373 0.067784
0 0.682327 0.52738 0.500844 0.054441 0.142151
0 0.847954 0.25936 0.472484 0.06964 0.310364
0 0.54004 0.478458 0.49751 0.0525 0.134651
0 0.742805 0.318771 0.475958 0.061655 0.379901
0 0.366379 0.477415 0.463823 0.052867 0.066183
0 0.415875 0.067138 0.493951 0.134275 0.987901
