0 0.719696 0.402816 0.476047 0.048192 0.116778
0 0.782403 0.475632 0.476867 0.016393 0.051173
0 0.76821 0.359168 0.512774 0.042418 0.150156
0 0.688191 0.318927 0.50129 0.044389 0.144138
0 0.63505 0.389618 0.485891 0.03475 0.100062
0 0.479528 0.304015 0.505999 0.026825 0.153366
0 0.424111 0.459073 0.477542 0.010851 0.025871
0 0.383281 0.434262 0.471246 0.011726 0.021308
0 0.357392 0.304351 0.459082 0.026922 0.05965
0 0.327546 0.35773 0.466065 0.032188 0.041859
0 0.32718 0.447354 0.472516 0.011459 0.01814
0 0.286552 0.447882 0.482469 0.013197 0.036206
