0 0.873137 0.820869 0.523248 0.194148 0.556158
0 0.840979 0.529537 0.486383 0.058261 0.257729
0 0.912856 0.308865 0.456809 0.05361 0.115809
0 0.901019 0.37306 0.457509 0.050234 0.104093
0 0.790766 0.560054 0.485843 0.040586 0.211455
0 0.790194 0.459633 0.48406 0.043196 0.204815
0 0.763642 0.491169 0.486237 0.047278 0.219494
0 0.858219 0.94228 0.566661 0.11544 0.46257
0 0.821508 0.426112 0.43725 0.027453 0.047648
0 0.755568 0.254595 0.45013 0.039028 0.11055
0 0.484871 0.764393 0.51187 0.108683 0.477739
