0 0.911373 0.708903 0.49376 0.076007 0.21915
0 0.829607 0.538751 0.491674 0.077642 0.206703
0 0.814803 0.4667 0.45921 0.041167 0.154395
0 0.699984 0.955877 0.560195 0.088246 0.547645
0 0.904245 0.378748 0.446077 0.049998 0.158967
0 0.583315 0.637104 0.468835 0.079571 0.159158
0 0.873177 0.425195 0.445679 0.054976 0.172006
0 0.575078 0.684588 0.441482 0.034489 0.079454
0 0.659694 0.563665 0.447938 0.030817 0.054833
0 0.41284 0.514575 0.436575 0.030458 0.095574
0 0.355527 0.59047 0.493071 0.079903 0.204342
