0 0.907928 0.492448 0.50441 0.064628 0.174499
0 0.839298 0.36459 0.497989 0.067938 0.133278
0 0.830244 0.415924 0.508477 0.070955 0.159661
0 0.753458 0.310583 0.456686 0.01995 0.045804
0 0.543764 0.266294 0.457651 0.030498 0.049272
0 0.684281 0.292567 0.456762 0.031935 0.046133
0 0.779724 0.224247 0.470153 0.03989 0.133935
0 0.574554 0.381476 0.461222 0.031723 0.058983
0 0.680095 0.248659 0.458512 0.025825 0.047731
0 0.599885 0.267085 0.485155 0.031813 0.102744
0 0.587762 0.234053 0.475273 0.024583 0.123467
