0 0.444879 0.05248 0.525949 0.104961 0.415235
0 0.906164 0.469651 0.464555 0.067577 0.233057
0 0.707732 0.25017 0.417323 0.051689 0.074397
0 0.803758 0.30077 0.507236 0.101113 0.277482
0 0.898134 0.175998 0.405174 0.074542 0.102261
0 0.808828 0.439571 0.468543 0.019118 0.076597
0 0.761721 0.404905 0.451985 0.020935 0.028808
0 0.62358 0.422798 0.458102 0.015519 0.035254
0 0.561732 0.366992 0.43962 0.020335 0.034305
0 0.556759 0.341821 0.460861 0.071726 0.164298
0 0.489074 0.382786 0.445428 0.014181 0.025141
