0 0.898092 0.899518 0.536501 0.151671 0.405188
0 0.880694 0.456633 0.45568 0.07476 0.275955
0 0.829021 0.550771 0.496525 0.066448 0.179141
0 0.951037 0.375889 0.464153 0.077819 0.25778
0 0.437731 0.71162 0.445771 0.048671 0.090978
0 0.71002 0.495014 0.462009 0.035564 0.139468
0 0.666729 0.637908 0.477075 0.074715 0.136857
0 0.775357 0.577418 0.455413 0.029292 0.047272
0 0.697423 0.679558 0.446712 0.029447 0.061646
0 0.790632 0.701925 0.498612 0.067588 0.19158
0 0.705554 0.511753 0.47071 0.023602 0.10242
0 0.468426 0.60754 0.481436 0.05377 0.145055
0 0.292337 0.985674 0.506785 0.02842 0.087533
