0 0.807507 0.546655 0.503451 0.081522 0.219379
0 0.836819 0.397327 0.463318 0.090084 0.342209
0 0.899275 0.718606 0.509018 0.07468 0.221048
0 0.862737 0.464883 0.485119 0.063016 0.250012
0 0.912639 0.344152 0.457135 0.068959 0.296229
0 0.685208 0.612313 0.444908 0.051946 0.077167
0 0.784474 0.646065 0.479496 0.082126 0.155396
0 0.641363 0.693662 0.453194 0.030332 0.083538
0 0.376653 0.574342 0.456353 0.022175 0.049285
0 0.689322 0.515063 0.420361 0.029737 0.065637
0 0.336579 0.611674 0.493652 0.056434 0.180238
