0 0.906405 0.5489 0.477132 0.085406 0.253594
0 0.603801 0.612521 0.451421 0.078696 0.120501
0 0.438887 0.670993 0.549427 0.118552 0.299471
0 0.889262 0.732641 0.45385 0.079507 0.128241
0 0.887135 0.349393 0.450598 0.036618 0.079157
0 0.745464 0.448299 0.468586 0.036897 0.170926
0 0.893134 0.302877 0.449637 0.038832 0.081734
0 0.855462 0.418825 0.470835 0.035474 0.152884
0 0.763135 0.470471 0.473941 0.030388 0.158666
0 0.732333 0.680345 0.455944 0.078556 0.116423
0 0.671601 0.262125 0.446082 0.028625 0.081887
