0 0.888795 0.449489 0.471242 0.105727 0.348947
0 0.950347 0.223746 0.456283 0.167835 0.605502
0 0.871505 0.725787 0.490931 0.082253 0.226965
0 0.868276 0.32305 0.435853 0.084186 0.399694
0 0.53199 0.61855 0.427776 0.053971 0.080955
0 0.711042 0.655054 0.436885 0.083499 0.119092
0 0.804335 0.393813 0.458596 0.062112 0.328706
0 0.567443 0.544892 0.471665 0.077819 0.199085
0 0.729531 0.703607 0.431608 0.033461 0.079704
0 0.62941 0.57168 0.484261 0.057006 0.228319
0 0.332734 0.128458 0.451389 0.046575 0.324721
0 0.294197 0.61591 0.464416 0.056735 0.158674
