0 0.912554 0.655812 0.479621 0.095664 0.356891
0 0.65049 0.904126 0.609256 0.191232 0.654149
0 0.63037 0.823805 0.398158 0.053848 0.120554
0 0.921428 0.316239 0.449118 0.044902 0.097065
0 0.752406 0.501512 0.472394 0.046139 0.20746
0 0.762095 0.772709 0.511729 0.144801 0.349256
0 0.777992 0.450271 0.472469 0.0448 0.179182
0 0.877717 0.371702 0.47541 0.043877 0.143208
0 0.695056 0.269797 0.4492 0.034106 0.102902
0 0.687081 0.521259 0.476211 0.027187 0.187661
0 0.666571 0.473178 0.47186 0.03692 0.192462
