0 0.896526 0.465293 0.467344 0.074231 0.288494
0 0.781896 0.546345 0.464093 0.075797 0.310796
0 0.844621 0.265645 0.501631 0.082077 0.276762
0 0.890738 0.095441 0.425062 0.065075 0.124224
0 0.801281 0.373828 0.424339 0.034748 0.044194
0 0.304263 0.146729 0.505183 0.132131 0.264373
0 0.755853 0.749051 0.522572 0.086587 0.232004
0 0.756779 0.69909 0.46892 0.108759 0.370741
0 0.689003 0.204823 0.420874 0.054642 0.125881
0 0.618903 0.657952 0.487577 0.05331 0.30468
0 0.467766 0.168494 0.429419 0.082599 0.115943
0 0.370383 0.43281 0.483337 0.029803 0.190322
0 0.268102 0.651058 0.362696 0.027631 0.056339
