0 0.910067 0.708684 0.494084 0.076211 0.21839
0 0.851176 0.538243 0.491841 0.075676 0.20515
0 0.69742 0.471748 0.460986 0.057898 0.175641
0 0.907469 0.40759 0.448914 0.058533 0.20236
0 0.408934 0.612017 0.425135 0.032171 0.056879
0 0.605842 0.683067 0.440192 0.030112 0.080541
0 0.772245 0.637391 0.465929 0.080086 0.153107
0 0.572979 0.450626 0.456275 0.028712 0.157912
0 0.706064 0.956511 0.558622 0.086935 0.555744
0 0.77557 0.590236 0.479455 0.074408 0.229819
0 0.454535 0.518407 0.412141 0.033003 0.061864
0 0.358262 0.430672 0.45693 0.020747 0.15098
0 0.271936 0.558719 0.443208 0.026134 0.044548
