0 0.264171 0.060016 0.540126 0.118397 0.427435
0 0.625456 0.428325 0.451355 0.021085 0.034708
0 0.911128 0.479642 0.46181 0.056349 0.208048
0 0.835579 0.348812 0.443679 0.036796 0.064202
0 0.837 0.244469 0.440472 0.05817 0.095218
0 0.735701 0.043889 0.451126 0.087779 0.111791
0 0.830121 0.319371 0.442402 0.027086 0.036439
0 0.651847 0.377825 0.45051 0.022984 0.041522
0 0.515676 0.3902 0.444072 0.029763 0.037398
0 0.429081 0.45266 0.454313 0.022328 0.034103
0 0.380092 0.524195 0.473248 0.013705 0.040301
