0 0.901417 0.749608 0.526945 0.122886 0.288092
0 0.864862 0.639321 0.470505 0.106184 0.374231
0 0.81819 0.385078 0.467913 0.062033 0.30545
0 0.875111 0.442797 0.472574 0.070031 0.321572
0 0.826663 0.54159 0.467132 0.084267 0.341846
0 0.915709 0.035894 0.428052 0.071788 0.131041
0 0.835734 0.218677 0.509501 0.095449 0.308925
0 0.813219 0.161166 0.434787 0.066871 0.116065
0 0.719094 0.087879 0.502901 0.132114 0.326961
0 0.525509 0.114768 0.379774 0.041652 0.083166
0 0.371927 0.342806 0.42572 0.030269 0.044863
