0 0.752997 0.598376 0.465657 0.031643 0.055303
0 0.7876 0.625947 0.468193 0.03635 0.055058
0 0.706446 0.503647 0.484757 0.049733 0.113793
0 0.785565 0.56236 0.467279 0.041596 0.06091
0 0.399282 0.447955 0.479106 0.027729 0.091416
0 0.347189 0.420028 0.482402 0.023884 0.083915
0 0.179609 0.47482 0.486745 0.022752 0.091307
0 0.455391 0.405572 0.481162 0.027965 0.083324
0 0.424009 0.435538 0.473499 0.028273 0.100914
0 0.282136 0.461747 0.460873 0.018095 0.042568
0 0.250566 0.46162 0.480193 0.018963 0.083021
