0 0.739721 0.897554 0.539219 0.151269 0.414076
0 0.89192 0.459022 0.456458 0.072712 0.279621
0 0.735018 0.550186 0.500315 0.06318 0.18403
0 0.932635 0.379687 0.465516 0.075751 0.257491
0 0.619822 0.709673 0.446877 0.053675 0.092349
0 0.765047 0.497813 0.464348 0.035018 0.141049
0 0.683686 0.64086 0.464425 0.077138 0.112066
0 0.67508 0.580096 0.454718 0.026342 0.043091
0 0.709087 0.682032 0.442889 0.029742 0.052499
0 0.253754 0.182551 0.513744 0.06285 0.171383
0 0.241124 0.619996 0.446524 0.035395 0.068193
0 0.146245 0.595588 0.505485 0.090125 0.191164
0 0.131073 0.961024 0.546522 0.077621 0.479327
0 0.405306 0.701925 0.498612 0.067588 0.19158
0 0.361692 0.511753 0.47071 0.023602 0.10242
0 0.240132 0.60754 0.481436 0.05377 0.145055
0 0.149862 0.985674 0.506785 0.02842 0.087533
