0 0.897666 0.655418 0.478551 0.09319 0.359666
0 0.738514 0.897149 0.604053 0.205437 0.657438
0 0.645748 0.822232 0.393174 0.055258 0.110899
0 0.897988 0.32015 0.449282 0.047187 0.095974
0 0.751326 0.505002 0.475806 0.041827 0.20661
0 0.551394 0.765789 0.543374 0.143649 0.414666
0 0.778863 0.456075 0.474332 0.042113 0.182275
0 0.41177 0.283316 0.447296 0.034274 0.103037
0 0.405213 0.380149 0.45247 0.044353 0.090066
0 0.40014 0.071552 0.458411 0.075545 0.128041
0 0.338528 0.531128 0.482435 0.031775 0.191659
0 0.321399 0.486277 0.478622 0.026669 0.187875
0 0.152379 0.436331 0.425191 0.018186 0.058272
0 0.449949 0.371702 0.47541 0.043877 0.143208
0 0.35631 0.269797 0.4492 0.034106 0.102902
0 0.352222 0.521259 0.476211 0.027187 0.187661
0 0.341708 0.473178 0.47186 0.03692 0.192462
