0 0.695411 0.76846 0.561627 0.162452 0.402093
0 0.697324 0.68501 0.460377 0.087373 0.127425
0 0.870754 0.628408 0.502781 0.074538 0.269477
0 0.600212 0.838479 0.45945 0.085953 0.150733
0 0.773295 0.530533 0.488921 0.032642 0.161454
0 0.78491 0.502857 0.486835 0.043656 0.18134
0 0.876947 0.398221 0.465799 0.03979 0.081257
0 0.770412 0.469246 0.485859 0.036765 0.159091
0 0.419951 0.358039 0.465362 0.041678 0.084421
0 0.369996 0.316555 0.465274 0.027491 0.086661
0 0.263232 0.041407 0.471927 0.082764 0.113909
0 0.442416 0.344313 0.463144 0.039684 0.08527
0 0.4299 0.303068 0.46024 0.030814 0.085028
0 0.366471 0.786796 0.447965 0.119172 0.174212
0 0.259561 0.442551 0.449422 0.024003 0.035908
0 0.132414 0.689774 0.521688 0.096097 0.25683
