0 0.638007 0.32919 0.470582 0.086447 0.177984
0 0.569672 0.177665 0.507501 0.118183 0.279112
0 0.396284 0.451102 0.477046 0.02345 0.074773
0 0.320907 0.250448 0.451806 0.035642 0.055306
0 0.231796 0.21776 0.443182 0.035546 0.058377
0 0.225712 0.404767 0.473303 0.012915 0.020008
0 0.177447 0.420825 0.472799 0.014735 0.024994
0 0.428046 0.441468 0.474004 0.019722 0.073916
0 0.331587 0.161187 0.456384 0.031936 0.070629
0 0.331046 0.201319 0.447905 0.043552 0.07706
0 0.314931 0.239348 0.451051 0.036245 0.064396
0 0.272074 0.286375 0.5138 0.104666 0.230499
0 0.269718 0.407227 0.472595 0.013747 0.032904
0 0.251974 0.137528 0.503472 0.043631 0.274524
0 0.211707 0.427593 0.470977 0.011359 0.034278
0 0.211299 0.191337 0.512318 0.074573 0.2028
0 0.16925 0.388294 0.476635 0.011532 0.052801
0 0.13229 0.390018 0.465867 0.012363 0.027865
