0 0.892613 0.449565 0.472087 0.106241 0.348541
0 0.921186 0.224689 0.454275 0.166452 0.605822
0 0.810166 0.726606 0.493369 0.079529 0.231845
0 0.874536 0.322741 0.438254 0.089107 0.39933
0 0.665904 0.620069 0.428707 0.054345 0.081589
0 0.775146 0.658124 0.435247 0.088382 0.115191
0 0.825639 0.397267 0.4597 0.066808 0.331584
0 0.722998 0.5489 0.482435 0.084899 0.216811
0 0.774376 0.703168 0.426967 0.032063 0.069465
0 0.318301 0.578486 0.408038 0.028731 0.071633
0 0.272662 0.032603 0.448933 0.065206 0.075268
0 0.322658 0.57168 0.484261 0.057006 0.228319
0 0.170571 0.128458 0.451389 0.046575 0.324721
0 0.150816 0.61591 0.464416 0.056735 0.158674
