0 0.811275 0.502649 0.513017 0.055775 0.140711
0 0.895679 0.566848 0.511611 0.059462 0.160448
0 0.711591 0.451406 0.507469 0.063501 0.12312
0 0.386574 0.329987 0.497117 0.021379 0.089208
0 0.463674 0.368241 0.491194 0.039791 0.102931
0 0.801631 0.395873 0.468352 0.027463 0.043918
0 0.225948 0.470321 0.478967 0.035356 0.065376
0 0.223207 0.35075 0.469274 0.02149 0.041818
0 0.190007 0.368733 0.47069 0.02923 0.04627
0 0.134036 0.330385 0.472117 0.015207 0.046393
0 0.132159 0.399365 0.496044 0.032206 0.097078
0 0.303407 0.337343 0.464752 0.02408 0.037388
