0 0.437823 0.61391 0.445085 0.037214 0.055035
0 0.834385 0.719901 0.448635 0.046192 0.075628
0 0.832119 0.573447 0.487632 0.060877 0.14522
0 0.360914 0.673584 0.443789 0.053955 0.085583
0 0.165067 0.533839 0.464763 0.0177 0.028891
0 0.12992 0.67511 0.427581 0.04519 0.047728
0 0.432153 0.681991 0.506924 0.074405 0.214814
0 0.28914 0.597749 0.447342 0.020272 0.046735
0 0.279422 0.776169 0.508783 0.060125 0.22527
0 0.179952 0.58021 0.444093 0.022475 0.060674
0 0.17785 0.65505 0.428095 0.02719 0.033124
0 0.173557 0.614263 0.431512 0.024871 0.030907
0 0.135802 0.650896 0.434263 0.023785 0.02652
0 0.130902 0.519993 0.465834 0.014387 0.039998
