0 0.892916 0.554563 0.482179 0.0975 0.369114
0 0.903924 0.453129 0.48322 0.074289 0.33754
0 0.91665 0.286948 0.470458 0.079046 0.311574
0 0.571463 0.619537 0.541317 0.104353 0.268349
0 0.901605 0.378594 0.472776 0.070514 0.258241
0 0.712994 0.343626 0.477333 0.0395 0.238227
0 0.444107 0.682758 0.544857 0.19307 0.317813
0 0.242582 0.61944 0.468277 0.095871 0.122931
0 0.233434 0.696727 0.439403 0.045445 0.070232
0 0.465435 0.732437 0.494818 0.093749 0.202451
0 0.297924 0.690488 0.461781 0.066312 0.115689
0 0.166578 0.597773 0.533689 0.057569 0.2473
