0 0.378775 0.05793 0.533523 0.115021 0.444936
0 0.58389 0.429452 0.451959 0.021242 0.033791
0 0.909423 0.483288 0.463552 0.057127 0.209118
0 0.813642 0.353529 0.444211 0.039997 0.062641
0 0.702741 0.251547 0.442182 0.060886 0.095069
0 0.574201 0.0445 0.43044 0.088774 0.15738
0 0.337671 0.332249 0.445083 0.024396 0.036325
0 0.282243 0.397566 0.45207 0.032158 0.041149
0 0.214987 0.442434 0.452438 0.019162 0.032611
0 0.180907 0.020239 0.408715 0.040358 0.20955
0 0.124304 0.461099 0.472392 0.023429 0.063693
0 0.425549 0.319371 0.442402 0.027086 0.036439
0 0.33416 0.377825 0.45051 0.022984 0.041522
0 0.264354 0.3902 0.444072 0.029763 0.037398
0 0.219962 0.45266 0.454313 0.022328 0.034103
0 0.194849 0.524195 0.473248 0.013705 0.040301
