0 0.696352 0.177119 0.508588 0.100603 0.265347
0 0.636216 0.051968 0.525379 0.081238 0.41438
0 0.392748 0.437569 0.454652 0.018678 0.047967
0 0.678248 0.376719 0.456482 0.045584 0.115081
0 0.287763 0.103063 0.465756 0.054677 0.168958
0 0.408061 0.468126 0.466699 0.038001 0.116131
0 0.250923 0.437029 0.467134 0.02363 0.06859
0 0.236324 0.255564 0.423302 0.020764 0.031268
0 0.226831 0.274789 0.414828 0.030225 0.045917
0 0.179076 0.105086 0.413171 0.046389 0.056984
0 0.174814 0.341365 0.428618 0.0355 0.06414
0 0.172637 0.306666 0.42314 0.03462 0.040493
0 0.415171 0.454266 0.463967 0.03926 0.11707
0 0.386395 0.293151 0.414596 0.02412 0.03526
0 0.384374 0.264574 0.421698 0.039465 0.063973
0 0.352279 0.342887 0.46406 0.064689 0.144441
0 0.29714 0.42135 0.45558 0.017847 0.060957
0 0.29338 0.240077 0.419483 0.029593 0.031039
0 0.245564 0.404766 0.451819 0.016581 0.027117
