0 0.869559 0.177142 0.49797 0.313408 0.992696
0 0.837771 0.538825 0.480971 0.079396 0.208142
0 0.366371 0.687341 0.42314 0.026509 0.066121
0 0.391826 0.607396 0.41962 0.048163 0.081356
0 0.906947 0.416026 0.433943 0.0409 0.161233
0 0.791214 0.489111 0.444923 0.039407 0.142411
0 0.410062 0.640948 0.428689 0.076879 0.097898
0 0.409975 0.458329 0.450802 0.035664 0.136602
0 0.373809 0.713069 0.425996 0.063874 0.104608
0 0.373724 0.946691 0.567011 0.106353 0.520573
0 0.300545 0.573087 0.435107 0.025391 0.048425
0 0.213003 0.689413 0.414292 0.021454 0.03725
0 0.43545 0.709776 0.474708 0.073341 0.22471
0 0.414613 0.448001 0.439714 0.032505 0.142636
0 0.372616 0.637249 0.467671 0.080397 0.195365
0 0.287908 0.589424 0.478742 0.069914 0.203769
0 0.245657 0.565292 0.489264 0.031279 0.182721
