0 0.793946 0.571396 0.483756 0.110033 0.473729
0 0.70481 0.726794 0.553821 0.117431 0.306461
0 0.898035 0.423789 0.476194 0.109591 0.39854
0 0.919619 0.658624 0.490469 0.111447 0.42442
0 0.417158 0.469583 0.493218 0.050251 0.31442
0 0.381036 0.74296 0.467018 0.089046 0.132036
0 0.763397 0.522178 0.490153 0.06854 0.340704
0 0.785619 0.807056 0.573515 0.185411 0.362549
0 0.200796 0.342448 0.472615 0.064557 0.169886
0 0.184973 0.475905 0.421306 0.051977 0.164289
0 0.445898 0.886236 0.501388 0.098395 0.236039
0 0.31776 0.831442 0.466366 0.063443 0.136564
