0 0.716413 0.270085 0.468682 0.087801 0.190407
0 0.869949 0.133697 0.535151 0.181532 0.418254
0 0.566756 0.07786 0.415478 0.08815 0.151507
0 0.904833 0.390631 0.465205 0.056229 0.184812
0 0.486158 0.2178 0.439807 0.049771 0.089527
0 0.377294 0.363305 0.466689 0.027183 0.124772
0 0.186123 0.029479 0.44767 0.058958 0.895341
0 0.128945 0.346299 0.449079 0.012956 0.024236
0 0.122316 0.02166 0.38186 0.042325 0.638289
0 0.401044 0.351264 0.463282 0.030133 0.12178
0 0.315407 0.327612 0.450709 0.022042 0.03117
0 0.194111 0.043811 0.438103 0.053332 0.099958
