0 0.919485 0.66846 0.554415 0.158669 0.418758
0 0.717429 0.838657 0.544311 0.151616 0.378768
0 0.897587 0.427546 0.484039 0.076102 0.28926
0 0.858578 0.544548 0.4924 0.059875 0.242763
0 0.812075 0.905694 0.441032 0.07293 0.126193
0 0.744203 0.48798 0.486856 0.028412 0.122276
0 0.330681 0.956684 0.464028 0.086633 0.186946
0 0.245818 0.505158 0.486872 0.017816 0.106695
0 0.241891 0.521994 0.47859 0.033069 0.130424
0 0.172657 0.843653 0.433129 0.134315 0.162177
0 0.372898 0.474095 0.483609 0.032494 0.125397
0 0.35143 0.971878 0.567102 0.056245 0.385648
0 0.287378 0.509613 0.505532 0.017638 0.065985
0 0.278948 0.45931 0.483134 0.020694 0.110791
