0 0.828186 0.423368 0.502101 0.05017 0.140328
0 0.363825 0.340094 0.466613 0.027156 0.047822
0 0.60576 0.321823 0.497987 0.058517 0.111018
0 0.367277 0.27255 0.46459 0.027514 0.040629
0 0.322441 0.246212 0.490344 0.032511 0.093544
0 0.313471 0.369245 0.5089 0.054271 0.130228
0 0.196933 0.227863 0.479101 0.015171 0.064987
0 0.363 0.327218 0.465221 0.027271 0.049172
0 0.345005 0.365802 0.482268 0.041058 0.081562
0 0.323658 0.254955 0.473803 0.032731 0.065936
0 0.289311 0.226443 0.47492 0.02875 0.068345
0 0.216488 0.213095 0.455789 0.011677 0.031297
