0 0.930488 0.482193 0.469288 0.094198 0.335109
0 0.330796 0.138747 0.380793 0.099093 0.07577
0 0.636982 0.278986 0.52747 0.14691 0.324362
0 0.508195 0.055022 0.382343 0.049598 0.072373
0 0.372887 0.154525 0.518488 0.123501 0.350836
0 0.313839 0.116347 0.390829 0.036899 0.065894
0 0.305597 0.371772 0.446278 0.022833 0.038649
0 0.286017 0.437009 0.467228 0.022706 0.087988
0 0.282754 0.23581 0.429859 0.070312 0.116931
0 0.252508 0.413562 0.452903 0.019108 0.02695
0 0.250272 0.045901 0.511496 0.091803 0.331985
0 0.222483 0.391013 0.450327 0.017448 0.025383
0 0.188972 0.271731 0.405541 0.048567 0.091312
0 0.411957 0.424099 0.464681 0.022733 0.093573
0 0.387564 0.315322 0.516909 0.104429 0.291377
0 0.376571 0.446277 0.468989 0.02142 0.101267
0 0.373965 0.327974 0.459849 0.075329 0.168951
0 0.298224 0.399628 0.451965 0.020258 0.030201
0 0.296209 0.101612 0.401785 0.046449 0.092736
0 0.280901 0.376809 0.444793 0.015711 0.023637
0 0.264432 0.358752 0.437566 0.020194 0.033003
0 0.183091 0.154563 0.375206 0.048331 0.067292
