0 0.766729 0.541181 0.49123 0.037928 0.106051
0 0.496231 0.603581 0.461591 0.040627 0.047018
0 0.272689 0.572044 0.468006 0.023323 0.037854
0 0.250631 0.633491 0.465918 0.027378 0.051915
0 0.189856 0.58109 0.466563 0.016962 0.03899
0 0.141568 0.511987 0.484861 0.02213 0.034551
0 0.139282 0.807981 0.422011 0.03426 0.062894
0 0.462723 0.850389 0.544885 0.145192 0.408894
0 0.382878 0.563602 0.462116 0.022153 0.035411
0 0.338462 0.624927 0.45727 0.02002 0.040179
0 0.276523 0.512057 0.481317 0.012435 0.043421
0 0.173388 0.600223 0.496534 0.050564 0.122664
