0 0.87896 0.422267 0.467901 0.075403 0.226067
0 0.870829 0.049992 0.498798 0.099984 0.330034
0 0.775788 0.253735 0.430644 0.073954 0.083726
0 0.611272 0.375253 0.444214 0.027242 0.046149
0 0.360638 0.344902 0.440894 0.038807 0.062494
0 0.30717 0.283593 0.432448 0.023273 0.042495
0 0.20736 0.519784 0.474257 0.018117 0.066623
0 0.190147 0.390568 0.435686 0.016674 0.033038
0 0.417473 0.277435 0.437699 0.036732 0.061687
0 0.378208 0.332466 0.435477 0.038491 0.057798
0 0.375638 0.353914 0.443103 0.020292 0.043727
0 0.353628 0.510293 0.466259 0.016879 0.051443
0 0.21075 0.439521 0.483879 0.022765 0.067849
