0 0.595169 0.706251 0.503013 0.0787 0.261792
0 0.816632 0.94055 0.539198 0.118833 0.380773
0 0.52565 0.568013 0.447255 0.031276 0.042664
0 0.352954 0.541311 0.449609 0.024823 0.032069
0 0.683306 0.514133 0.474718 0.029781 0.09049
0 0.154178 0.550955 0.449524 0.015516 0.032345
0 0.123077 0.570081 0.482978 0.035192 0.11316
0 0.323914 0.529744 0.448896 0.01834 0.031981
0 0.29954 0.543326 0.442722 0.019186 0.02222
0 0.168849 0.943174 0.639191 0.113652 0.178003
0 0.152649 0.585313 0.435168 0.012116 0.019864
