0 0.926593 0.544267 0.487233 0.113759 0.388723
0 0.911298 0.445047 0.486457 0.051355 0.190332
0 0.436452 0.682388 0.53849 0.128925 0.236609
0 0.234711 0.689772 0.456218 0.032697 0.045013
0 0.149232 0.623864 0.461669 0.027222 0.042521
0 0.14059 0.640646 0.484369 0.059442 0.077721
0 0.433663 0.71538 0.495968 0.068866 0.152682
0 0.417212 0.96286 0.665461 0.072801 0.135257
0 0.37905 0.615623 0.535398 0.058562 0.190358
0 0.288315 0.689918 0.473516 0.045155 0.084795
0 0.25392 0.416502 0.494149 0.011905 0.058925
0 0.20134 0.404243 0.4904 0.012263 0.055978
