0 0.773326 0.553769 0.484639 0.042141 0.105772
0 0.742494 0.914933 0.532679 0.168552 0.454282
0 0.785939 0.851247 0.471024 0.072013 0.191187
0 0.4574 0.580162 0.456547 0.022835 0.036271
0 0.243841 0.648084 0.462706 0.035677 0.055782
0 0.24158 0.593644 0.457359 0.017667 0.036288
0 0.240786 0.614876 0.458349 0.03592 0.052426
0 0.154623 0.534605 0.468915 0.012549 0.022202
0 0.399844 0.640522 0.454753 0.025969 0.046184
0 0.307716 0.56896 0.456937 0.017587 0.038048
0 0.288692 0.522643 0.475692 0.012484 0.043045
0 0.23649 0.614367 0.497087 0.046128 0.133702
0 0.155052 0.665037 0.441689 0.016043 0.01808
