0 0.827808 0.946868 0.388319 0.105528 0.310105
0 0.845721 0.33532 0.409549 0.067732 0.132876
0 0.651879 0.764255 0.391414 0.073632 0.198264
0 0.852237 0.533527 0.433261 0.050835 0.163066
0 0.572001 0.576213 0.433659 0.049507 0.159625
0 0.423765 0.502991 0.483945 0.055148 0.144094
0 0.317289 0.599457 0.443855 0.042156 0.17782
0 0.294687 0.809971 0.516949 0.077502 0.284851
0 0.170822 0.894562 0.454076 0.041417 0.093334
0 0.359789 0.832275 0.433743 0.090487 0.117462
0 0.283302 0.784927 0.47017 0.112882 0.355788
