0 0.482328 0.635525 0.444271 0.03926 0.058492
0 0.637223 0.663335 0.444951 0.031274 0.054763
0 0.848889 0.565757 0.475781 0.03975 0.115567
0 0.444427 0.595643 0.440985 0.019929 0.031338
0 0.389805 0.92479 0.422693 0.100285 0.152313
0 0.243073 0.609383 0.444268 0.020346 0.037686
0 0.211563 0.545207 0.464489 0.014125 0.036632
0 0.12943 0.969352 0.477995 0.059929 0.310282
0 0.468809 0.912777 0.485086 0.137339 0.272217
0 0.370372 0.583221 0.444147 0.018316 0.036463
0 0.367541 0.634435 0.485998 0.050405 0.143387
0 0.291058 0.533196 0.463524 0.013006 0.044278
0 0.23762 0.591702 0.443622 0.031511 0.042938
0 0.13473 0.990316 0.414549 0.018805 0.171392
