0 0.605541 0.677445 0.425478 0.050323 0.059982
0 0.490557 0.570047 0.447975 0.035961 0.065887
0 0.436378 0.648776 0.441461 0.029068 0.056464
0 0.324963 0.675202 0.441912 0.066422 0.093131
0 0.62835 0.619056 0.447775 0.040203 0.061586
0 0.393364 0.457155 0.462496 0.025178 0.111857
0 0.276927 0.771407 0.423009 0.040715 0.059463
0 0.253062 0.588149 0.451718 0.067561 0.067207
0 0.145427 0.602058 0.447683 0.024988 0.051281
0 0.435319 0.443621 0.458555 0.024374 0.111551
0 0.41559 0.74159 0.504708 0.116078 0.222557
0 0.279123 0.459485 0.472801 0.015107 0.034856
0 0.271865 0.592859 0.43907 0.015381 0.035854
