0 0.898732 0.495166 0.505553 0.064506 0.174254
0 0.750909 0.368808 0.500531 0.069785 0.133766
0 0.811427 0.420875 0.511196 0.068391 0.161641
0 0.686473 0.309152 0.457842 0.019103 0.045357
0 0.566276 0.265474 0.460013 0.027082 0.047208
0 0.626446 0.289015 0.458437 0.033783 0.047204
0 0.788212 0.228852 0.474774 0.040042 0.13985
0 0.542438 0.386206 0.463074 0.034598 0.058895
0 0.362091 0.32061 0.459298 0.025537 0.046576
0 0.348641 0.248659 0.458512 0.025825 0.047731
0 0.307522 0.267085 0.485155 0.031813 0.102744
0 0.301308 0.234053 0.475273 0.024583 0.123467
