0 0.910708 0.266202 0.43072 0.147169 0.545837
0 0.883288 0.370408 0.485644 0.156105 0.519104
0 0.784327 0.56271 0.492009 0.089721 0.224312
0 0.834993 0.655516 0.432382 0.082803 0.114424
0 0.706041 0.623072 0.420939 0.044279 0.068258
0 0.805292 0.716745 0.487082 0.099177 0.221999
0 0.421269 0.043563 0.368785 0.086495 0.737431
0 0.735506 0.702196 0.42669 0.033331 0.068242
0 0.388416 0.544305 0.403576 0.025479 0.038103
0 0.696824 0.520155 0.423677 0.041235 0.106038
0 0.279151 0.599257 0.410773 0.030154 0.072123
0 0.171659 0.212412 0.47355 0.040708 0.238076
0 0.144378 0.43407 0.436072 0.033727 0.220924
0 0.140008 0.580286 0.426568 0.035206 0.102906
