0 0.610782 0.332539 0.506447 0.137783 0.217148
0 0.734355 0.544132 0.478604 0.03388 0.096011
0 0.485023 0.04112 0.525802 0.081707 0.453394
0 0.840598 0.314539 0.437954 0.045578 0.086165
0 0.469414 0.192735 0.484246 0.085001 0.185585
0 0.388712 0.277952 0.43749 0.071392 0.103871
0 0.136771 0.040838 0.412922 0.081675 0.223847
0 0.427706 0.268736 0.467781 0.076653 0.168401
0 0.414912 0.165364 0.435342 0.049105 0.098893
0 0.400336 0.354969 0.47095 0.075074 0.151033
0 0.358755 0.198541 0.433794 0.063341 0.102901
