0 0.566578 0.38522 0.50306 0.079044 0.233162
0 0.789376 0.429719 0.469232 0.051702 0.142381
0 0.660258 0.053458 0.435473 0.066436 0.142459
0 0.703946 0.337766 0.436726 0.062166 0.095078
0 0.614126 0.282482 0.411349 0.051487 0.069342
0 0.823812 0.518659 0.472405 0.047411 0.168673
0 0.708562 0.121639 0.541731 0.164465 0.361496
0 0.310832 0.523232 0.419886 0.035273 0.059401
0 0.132352 0.487965 0.449324 0.018507 0.029264
0 0.125373 0.388811 0.453297 0.073149 0.131539
0 0.363676 0.256947 0.414326 0.032079 0.040073
0 0.313399 0.463397 0.459425 0.018549 0.028098
0 0.244162 0.480101 0.459086 0.018817 0.055066
