0 0.827492 0.524595 0.484793 0.08187 0.332614
0 0.869746 0.646901 0.481929 0.119774 0.425354
0 0.847702 0.24912 0.449746 0.065792 0.140098
0 0.717195 0.480174 0.482677 0.051139 0.293121
0 0.578884 0.967842 0.539486 0.062781 0.871016
0 0.884335 0.431652 0.481654 0.070864 0.253696
0 0.916338 0.328861 0.493785 0.063573 0.221156
0 0.386403 0.192953 0.446106 0.057068 0.146721
0 0.376785 0.563207 0.510204 0.047289 0.21715
0 0.217258 0.603339 0.530185 0.04053 0.244782
0 0.190686 0.683437 0.516166 0.054941 0.312887
0 0.417846 0.176124 0.436133 0.051308 0.130155
0 0.199377 0.228161 0.447029 0.030891 0.131946
