0 0.580952 0.059727 0.408753 0.119449 0.169024
0 0.667207 0.268687 0.43436 0.044277 0.080607
0 0.364603 0.356498 0.451504 0.045356 0.063193
0 0.360545 0.309725 0.448271 0.034362 0.061466
0 0.343801 0.174152 0.444985 0.074785 0.088082
0 0.272561 0.062121 0.508061 0.124243 0.362797
0 0.243341 0.505454 0.482449 0.02172 0.078265
0 0.219322 0.106375 0.415228 0.036271 0.063225
0 0.409865 0.370259 0.480829 0.080701 0.129347
0 0.406452 0.294439 0.443619 0.026049 0.05957
0 0.406077 0.497147 0.47319 0.019574 0.061892
0 0.352573 0.153071 0.43859 0.065137 0.082207
0 0.314472 0.09935 0.431217 0.047351 0.105693
0 0.308879 0.340783 0.464995 0.049632 0.096524
0 0.170035 0.344301 0.44631 0.038867 0.060512
0 0.151669 0.137385 0.442071 0.033869 0.075763
