0 0.823895 0.732504 0.532079 0.102161 0.282061
0 0.88699 0.872909 0.538099 0.124689 0.307285
0 0.830268 0.586484 0.50264 0.07577 0.17564
0 0.339868 0.714552 0.449092 0.094804 0.117664
0 0.291708 0.693292 0.432365 0.02823 0.043129
0 0.250685 0.637426 0.446438 0.034119 0.050555
0 0.174406 0.570481 0.453629 0.034398 0.068725
0 0.170168 0.672369 0.448926 0.018652 0.02028
0 0.165047 0.619027 0.446258 0.021987 0.028087
0 0.162417 0.528214 0.473104 0.015817 0.023887
0 0.291468 0.626324 0.451467 0.044765 0.064709
0 0.222404 0.690724 0.448558 0.036688 0.07568
0 0.193081 0.664731 0.444348 0.019004 0.015031
0 0.192935 0.613675 0.455941 0.023779 0.055211
0 0.165155 0.517289 0.479213 0.016417 0.045503
0 0.162781 0.630258 0.435571 0.037142 0.032133
