0 0.281724 0.380172 0.468326 0.035602 0.085583
0 0.275916 0.437659 0.474687 0.010423 0.04266
0 0.186977 0.357165 0.507173 0.04674 0.100038
0 0.17602 0.320731 0.508874 0.025715 0.057227
0 0.15788 0.338411 0.459394 0.016629 0.026472
0 0.385745 0.307365 0.493078 0.026172 0.108946
0 0.349975 0.33383 0.491777 0.028896 0.111474
0 0.305563 0.369808 0.4641 0.031194 0.07805
0 0.282971 0.406863 0.469328 0.009172 0.032657
0 0.264186 0.416974 0.470186 0.009255 0.036849
0 0.21166 0.395057 0.470095 0.013017 0.02499
0 0.147763 0.35544 0.449521 0.015944 0.021696
