0 0.855055 0.880568 0.53968 0.197408 0.405545
0 0.769515 0.555174 0.499657 0.072724 0.183293
0 0.830673 0.510483 0.459408 0.060264 0.234033
0 0.516098 0.616961 0.448102 0.042159 0.07421
0 0.610876 0.711085 0.446584 0.051288 0.093231
0 0.88932 0.436879 0.466658 0.062112 0.208892
0 0.622094 0.685696 0.444835 0.028149 0.061175
0 0.594098 0.645373 0.462638 0.073274 0.112605
0 0.625249 0.580928 0.454545 0.026584 0.042437
0 0.383676 0.478409 0.472988 0.040613 0.190777
0 0.176327 0.968019 0.527631 0.063868 0.413189
0 0.150046 0.598939 0.504669 0.075423 0.188657
0 0.413732 0.466951 0.457248 0.043448 0.170466
0 0.387963 0.702158 0.497744 0.067905 0.194166
