0 0.862731 0.61302 0.542873 0.139819 0.268075
0 0.624155 0.404048 0.479147 0.019644 0.086616
0 0.706769 0.427413 0.479295 0.01998 0.081786
0 0.350208 0.551825 0.469498 0.025165 0.045057
0 0.334805 0.442954 0.47972 0.014531 0.06631
0 0.279997 0.653438 0.449081 0.031824 0.038106
0 0.380933 0.387189 0.480062 0.016747 0.083794
0 0.297164 0.548052 0.45895 0.020939 0.02917
0 0.282059 0.658709 0.488719 0.050648 0.127474
0 0.273627 0.414701 0.476876 0.016073 0.087479
0 0.205441 0.421475 0.475047 0.023304 0.0817
0 0.186988 0.442851 0.473809 0.009375 0.024178
