0 0.880804 0.658164 0.390779 0.09511 0.225428
0 0.846633 0.517448 0.399599 0.055201 0.156076
0 0.735144 0.563944 0.435225 0.065212 0.100507
0 0.722422 0.829219 0.571385 0.237667 0.598002
0 0.626782 0.351272 0.441333 0.056646 0.165234
0 0.73832 0.404063 0.416142 0.038905 0.10817
0 0.385755 0.315268 0.473991 0.048564 0.130308
0 0.379168 0.382079 0.447372 0.036589 0.177011
0 0.300298 0.120718 0.371382 0.082144 0.212976
0 0.187425 0.969528 0.500157 0.060783 0.348637
0 0.161698 0.948621 0.659657 0.10195 0.674632
0 0.42048 0.087094 0.447873 0.132265 0.365323
0 0.297686 0.732982 0.406209 0.034291 0.047009
0 0.233748 0.369366 0.408658 0.052794 0.104966
0 0.180273 0.326421 0.430736 0.059327 0.150108
