0 0.902351 0.435675 0.473518 0.056448 0.192787
0 0.289018 0.537137 0.459632 0.025837 0.045735
0 0.268364 0.475031 0.465379 0.027111 0.063168
0 0.26809 0.591056 0.459896 0.029255 0.053816
0 0.196897 0.574509 0.457078 0.020739 0.040547
0 0.16265 0.558064 0.452366 0.01888 0.027234
0 0.416369 0.566072 0.450326 0.02203 0.035589
0 0.401432 0.587494 0.445658 0.021204 0.030225
0 0.396808 0.528598 0.457037 0.026826 0.046241
0 0.369441 0.548195 0.450744 0.014521 0.030398
0 0.2014 0.452332 0.480412 0.010915 0.035586
