0 0.93925 0.637429 0.476107 0.206516 0.628674
0 0.926793 0.506299 0.470965 0.075637 0.266645
0 0.414296 0.78036 0.526445 0.119801 0.206723
0 0.385903 0.117451 0.485173 0.070744 0.241003
0 0.346029 0.163532 0.477409 0.050376 0.24197
0 0.243538 0.711881 0.516428 0.047396 0.179208
0 0.163069 0.55098 0.501597 0.027841 0.092519
0 0.416698 0.817525 0.476441 0.051839 0.133795
0 0.294912 0.785662 0.456108 0.035228 0.080305
0 0.233003 0.754472 0.512088 0.059115 0.193546
0 0.21059 0.731466 0.524005 0.038937 0.13849
