0 0.909455 0.499615 0.483112 0.096508 0.330242
0 0.80605 0.626165 0.531563 0.103103 0.224082
0 0.759542 0.567154 0.455109 0.036213 0.116357
0 0.884021 0.426911 0.481943 0.044272 0.165799
0 0.753248 0.677865 0.540066 0.128383 0.253976
0 0.276085 0.698715 0.44689 0.040207 0.055463
0 0.261532 0.391768 0.50394 0.024756 0.147678
0 0.199612 0.411789 0.489756 0.016046 0.062535
0 0.167063 0.533186 0.374058 0.038706 0.099672
0 0.15805 0.377675 0.501079 0.049235 0.156284
0 0.444385 0.724693 0.493504 0.080023 0.172498
0 0.350747 0.382472 0.480793 0.015612 0.103845
0 0.320606 0.396396 0.486753 0.017394 0.059778
0 0.286719 0.531682 0.451241 0.042887 0.243189
0 0.286196 0.69334 0.465709 0.051933 0.09498
