0 0.669606 0.19402 0.516685 0.10864 0.275491
0 0.643532 0.040133 0.541602 0.080082 0.483214
0 0.343605 0.344755 0.420252 0.042709 0.045392
0 0.735875 0.423458 0.45657 0.049189 0.117459
0 0.807811 0.508827 0.471281 0.037782 0.126135
0 0.274454 0.291126 0.421944 0.020868 0.032072
0 0.233715 0.314539 0.469463 0.079217 0.161545
0 0.218412 0.127483 0.514505 0.106929 0.273147
0 0.201401 0.488537 0.448442 0.019196 0.033806
0 0.157317 0.488892 0.46977 0.024204 0.073307
0 0.142679 0.312625 0.409995 0.027307 0.047369
0 0.132714 0.532415 0.477546 0.015625 0.052578
0 0.126306 0.351144 0.440801 0.05043 0.080424
0 0.403182 0.277888 0.419662 0.030357 0.033123
0 0.390011 0.38782 0.490821 0.068236 0.200391
0 0.389035 0.302247 0.419484 0.045146 0.069977
0 0.344811 0.521884 0.47071 0.014913 0.05551
0 0.326318 0.459386 0.455925 0.016687 0.02789
0 0.305707 0.475824 0.456535 0.019764 0.055432
0 0.240549 0.101702 0.43174 0.083093 0.111886
0 0.217061 0.333568 0.414198 0.029761 0.036143
