0 0.787758 0.561457 0.482438 0.041277 0.118742
0 0.516758 0.592044 0.450752 0.025325 0.0394
0 0.490292 0.526046 0.473564 0.019448 0.037507
0 0.713844 0.669828 0.451776 0.037122 0.058349
0 0.325382 0.635568 0.453143 0.038165 0.063902
0 0.220795 0.606476 0.450933 0.018822 0.040533
0 0.21454 0.966352 0.424628 0.067297 0.173193
0 0.436016 0.948698 0.524534 0.102604 0.381898
0 0.431032 0.641346 0.492353 0.059386 0.148297
0 0.337198 0.583017 0.448337 0.016301 0.031998
0 0.328347 0.5955 0.440982 0.023931 0.025978
0 0.203338 0.696742 0.439195 0.028569 0.036745
