0 0.874747 0.610703 0.536575 0.132117 0.345782
0 0.825285 0.808056 0.445885 0.073392 0.112511
0 0.916486 0.349231 0.487545 0.109931 0.39572
0 0.719285 0.748809 0.510925 0.126715 0.274518
0 0.756436 0.494003 0.479493 0.052834 0.168703
0 0.637124 0.447912 0.478176 0.018476 0.092952
0 0.355134 0.885859 0.462776 0.105048 0.153459
0 0.220719 0.478974 0.482678 0.018148 0.099787
0 0.181365 0.460449 0.480556 0.016632 0.09547
0 0.163524 0.467667 0.479894 0.012412 0.09337
0 0.484699 0.881384 0.556403 0.121947 0.340729
0 0.407731 0.433219 0.477591 0.033929 0.102679
0 0.207117 0.511523 0.481187 0.024958 0.106087
0 0.168002 0.469444 0.474668 0.023448 0.103747
