0 0.56191 0.365835 0.46669 0.07778 0.218819
0 0.796633 0.138507 0.52149 0.18172 0.360775
0 0.408514 0.487659 0.480732 0.025379 0.086623
0 0.286129 0.234292 0.433978 0.020275 0.057917
0 0.258808 0.283394 0.44425 0.027667 0.038935
0 0.2205 0.215183 0.429301 0.042881 0.05203
0 0.218489 0.469481 0.488442 0.015351 0.045462
0 0.215402 0.258986 0.445635 0.023134 0.035761
0 0.159128 0.453366 0.478244 0.013674 0.023087
0 0.153517 0.272576 0.546909 0.189356 0.311915
0 0.145493 0.327401 0.45286 0.065293 0.125777
0 0.418162 0.476268 0.477826 0.026457 0.089494
0 0.385018 0.103543 0.420798 0.117922 0.158776
0 0.365316 0.209915 0.443114 0.054498 0.087058
0 0.273763 0.247963 0.443145 0.02267 0.040761
0 0.273085 0.304667 0.492775 0.109917 0.210007
0 0.254877 0.437465 0.485627 0.012167 0.05651
0 0.244455 0.457147 0.477702 0.018043 0.035731
0 0.223109 0.264997 0.504611 0.057431 0.168223
