0 0.85215 0.921871 0.552463 0.152021 0.346408
0 0.478436 0.700176 0.425854 0.030995 0.041283
0 0.873227 0.74849 0.542631 0.129404 0.318455
0 0.842105 0.583252 0.507318 0.076882 0.19553
0 0.288323 0.644947 0.435341 0.025939 0.036226
0 0.257349 0.871201 0.539463 0.122172 0.330527
0 0.157309 0.519861 0.469271 0.01457 0.021102
0 0.139773 0.692159 0.435854 0.034758 0.04075
0 0.334022 0.636908 0.433201 0.028606 0.03392
0 0.269194 0.663686 0.44367 0.019764 0.014509
0 0.221255 0.681655 0.436141 0.021714 0.03579
0 0.166011 0.591087 0.445786 0.047254 0.079712
0 0.15056 0.60393 0.468689 0.044077 0.099141
