0 0.833632 0.547296 0.505114 0.082395 0.225176
0 0.869396 0.398507 0.466125 0.091379 0.348179
0 0.843513 0.718444 0.509424 0.078807 0.224342
0 0.877682 0.466717 0.486237 0.062083 0.255397
0 0.902743 0.347195 0.457865 0.066971 0.296359
0 0.702272 0.614547 0.445042 0.050797 0.079517
0 0.571199 0.648186 0.495579 0.083765 0.190167
0 0.693591 0.694147 0.445782 0.029657 0.069167
0 0.506299 0.577333 0.45646 0.024024 0.048551
0 0.392847 0.650897 0.454202 0.088496 0.107038
0 0.320234 0.048395 0.462535 0.063395 0.071916
0 0.232595 0.526294 0.420763 0.023916 0.065126
0 0.201193 0.014976 0.467267 0.029952 0.078606
0 0.160655 0.086109 0.469096 0.04126 0.099629
0 0.160181 0.561538 0.4155 0.022582 0.049498
0 0.122728 0.545032 0.418592 0.021558 0.041531
0 0.353371 0.515063 0.420361 0.029737 0.065637
0 0.172542 0.611674 0.493652 0.056434 0.180238
