0 0.940595 0.541219 0.497886 0.123337 0.493158
0 0.877049 0.650521 0.472513 0.064063 0.094168
0 0.700043 0.893101 0.668069 0.208578 0.660766
0 0.500574 0.37476 0.500292 0.035276 0.127001
0 0.677892 0.349452 0.496311 0.048021 0.123313
0 0.846247 0.428339 0.490515 0.042282 0.152571
0 0.367843 0.415104 0.492541 0.026083 0.139913
0 0.326671 0.387394 0.514196 0.030214 0.104925
0 0.411776 0.405882 0.489526 0.027274 0.137455
0 0.180637 0.948224 0.66781 0.103552 0.656226
0 0.134517 0.877484 0.534325 0.15269 0.379151
