0 0.780035 0.405851 0.471686 0.061182 0.134299
0 0.411671 0.45261 0.473515 0.013811 0.024146
0 0.339275 0.324389 0.453063 0.024771 0.058927
0 0.371172 0.494392 0.47622 0.016944 0.061892
0 0.258353 0.309005 0.456178 0.04131 0.065123
0 0.250176 0.370223 0.451582 0.019766 0.02565
0 0.187477 0.478047 0.475643 0.012383 0.029622
0 0.419137 0.352269 0.512853 0.048325 0.166515
0 0.415192 0.482152 0.474046 0.017958 0.057982
0 0.399551 0.303161 0.505589 0.056029 0.169644
0 0.173876 0.282012 0.457603 0.014973 0.045332
