0 0.753354 0.292884 0.478872 0.083139 0.145347
0 0.781265 0.058125 0.450893 0.09772 0.113154
0 0.719235 0.144042 0.456628 0.071493 0.086541
0 0.666493 0.360515 0.491816 0.047584 0.093618
0 0.728846 0.222491 0.459233 0.043995 0.07871
0 0.264391 0.340135 0.496897 0.042299 0.09399
0 0.184065 0.199447 0.465339 0.041888 0.059597
0 0.176975 0.260206 0.450467 0.02834 0.029934
0 0.168289 0.207045 0.457713 0.025373 0.042747
0 0.167729 0.478841 0.492843 0.018883 0.060309
0 0.433006 0.184417 0.462394 0.046381 0.061875
0 0.426589 0.469424 0.486461 0.01962 0.065133
0 0.290943 0.332217 0.466685 0.018296 0.038701
0 0.205294 0.118034 0.444211 0.036728 0.043173
