0 0.785652 0.71069 0.494247 0.073132 0.220258
0 0.85463 0.542142 0.494136 0.084464 0.212247
0 0.822923 0.469195 0.460642 0.042425 0.153954
0 0.704575 0.950425 0.568897 0.099095 0.532246
0 0.862967 0.382509 0.449157 0.049263 0.162721
0 0.496516 0.640449 0.481974 0.081588 0.184764
0 0.871673 0.430384 0.448052 0.050829 0.175269
0 0.636806 0.684671 0.435838 0.032567 0.066681
0 0.339295 0.608551 0.435625 0.048746 0.080445
0 0.321361 0.643225 0.440829 0.081634 0.103189
0 0.294264 0.092404 0.48304 0.051708 0.250793
0 0.264739 0.571772 0.445964 0.023812 0.047573
0 0.229657 0.093711 0.412231 0.054262 0.109006
0 0.204503 0.046313 0.447961 0.040079 0.066094
0 0.15075 0.4106 0.411916 0.021498 0.038092
0 0.132737 0.023174 0.459118 0.045943 0.08484
0 0.128625 0.050741 0.51248 0.089965 0.19553
0 0.124562 0.410737 0.453964 0.023331 0.119284
0 0.338182 0.563665 0.447938 0.030817 0.054833
0 0.211636 0.514575 0.436575 0.030458 0.095574
0 0.182256 0.59047 0.493071 0.079903 0.204342
