0 0.634056 0.107746 0.449775 0.070038 0.097772
0 0.818811 0.176329 0.455024 0.085488 0.115054
0 0.789246 0.264049 0.491672 0.11055 0.221985
0 0.337249 0.219531 0.442239 0.037163 0.040934
0 0.266688 0.336321 0.463605 0.031617 0.050762
0 0.242512 0.490494 0.489735 0.02112 0.073641
0 0.208976 0.369754 0.488729 0.041864 0.107316
0 0.421578 0.347469 0.483814 0.068459 0.104807
0 0.419376 0.482352 0.482491 0.020584 0.066787
0 0.317013 0.063156 0.446474 0.048558 0.09172
0 0.14943 0.066287 0.426794 0.042241 0.050798
