0 0.914674 0.519239 0.489102 0.132363 0.505114
0 0.8668 0.394839 0.479148 0.15137 0.503463
0 0.894321 0.689855 0.543549 0.155669 0.314994
0 0.779438 0.828408 0.599049 0.183475 0.560265
0 0.751816 0.601185 0.465693 0.039464 0.084506
0 0.693049 0.314381 0.480104 0.045024 0.233661
0 0.289702 0.145902 0.502545 0.037097 0.194028
0 0.177214 0.837254 0.445926 0.154864 0.255006
0 0.408408 0.289911 0.478187 0.045225 0.22646
0 0.324519 0.350338 0.495319 0.091749 0.493694
0 0.172141 0.589702 0.512045 0.050762 0.189458
0 0.159747 0.97521 0.673932 0.04958 0.504853
