0 0.867867 0.350917 0.515432 0.122862 0.250769
0 0.821483 0.22026 0.460347 0.044025 0.06432
0 0.416274 0.046711 0.478949 0.045126 0.179821
0 0.308953 0.006242 0.483094 0.012484 0.096513
0 0.246487 0.168553 0.486733 0.059313 0.120144
0 0.202318 0.193719 0.467746 0.021556 0.041098
0 0.476606 0.027843 0.478537 0.053228 0.17805
0 0.470117 0.170517 0.505336 0.096536 0.169119
0 0.305157 0.310951 0.468801 0.07373 0.08494
0 0.224601 0.311307 0.549537 0.076763 0.254587
0 0.161219 0.178756 0.466932 0.022771 0.043097
