0 0.769509 0.35682 0.464788 0.06733 0.149928
0 0.410804 0.456237 0.465707 0.018187 0.062887
0 0.326965 0.250349 0.44743 0.050148 0.070206
0 0.28517 0.284693 0.438161 0.02108 0.035258
0 0.250858 0.320232 0.443925 0.015686 0.02562
0 0.221809 0.318403 0.508755 0.089112 0.211855
0 0.422934 0.44417 0.465488 0.019349 0.061222
0 0.391771 0.244363 0.49028 0.065574 0.165552
0 0.335213 0.33676 0.476238 0.041082 0.125439
0 0.330994 0.274388 0.448464 0.024646 0.061329
0 0.322748 0.214031 0.496896 0.025807 0.211825
0 0.235065 0.301624 0.484879 0.041703 0.117262
0 0.214773 0.420697 0.464012 0.01281 0.025536
0 0.198342 0.410052 0.460916 0.011798 0.019364
0 0.191323 0.395746 0.459487 0.011501 0.023642
