0 0.685059 0.32443 0.506999 0.040064 0.147956
0 0.619583 0.407518 0.473908 0.04379 0.11327
0 0.289662 0.485357 0.477603 0.012902 0.043177
0 0.281808 0.370581 0.459969 0.022544 0.027371
0 0.239138 0.377352 0.515625 0.048394 0.136392
0 0.168804 0.468503 0.472372 0.01125 0.022376
0 0.138969 0.331279 0.461218 0.030635 0.052125
0 0.382844 0.471992 0.474041 0.014605 0.050465
0 0.382211 0.360285 0.506849 0.036403 0.140449
0 0.301493 0.390179 0.479289 0.032704 0.097001
0 0.26775 0.440307 0.470699 0.012096 0.034069
0 0.129539 0.453812 0.474863 0.010436 0.024477
