0 0.709901 0.123609 0.435295 0.097113 0.128382
0 0.60112 0.037593 0.464556 0.074892 0.196106
0 0.827204 0.218299 0.512761 0.170908 0.319657
0 0.778453 0.357157 0.480193 0.063791 0.116505
0 0.288945 0.333056 0.453431 0.027633 0.049452
0 0.165132 0.294153 0.450054 0.032561 0.070451
0 0.132757 0.153078 0.418866 0.025852 0.028666
0 0.418828 0.497143 0.478896 0.02112 0.072735
0 0.342348 0.283058 0.442959 0.028657 0.061778
0 0.238573 0.318706 0.453027 0.037496 0.052603
0 0.172846 0.140865 0.403709 0.030123 0.058056
