0 0.808261 0.815779 0.509235 0.201299 0.531002
0 0.853592 0.532804 0.485261 0.061791 0.255406
0 0.894622 0.313365 0.457137 0.05407 0.113523
0 0.855222 0.377679 0.458723 0.051141 0.104271
0 0.739997 0.563792 0.487959 0.039813 0.210933
0 0.802777 0.465001 0.485827 0.050667 0.208684
0 0.740996 0.496853 0.487377 0.044681 0.220921
0 0.403838 0.270566 0.453985 0.040888 0.115475
0 0.373242 0.423984 0.427478 0.042752 0.06729
0 0.220339 0.915104 0.65049 0.169147 0.643521
0 0.439953 0.94228 0.566661 0.11544 0.46257
0 0.421134 0.426112 0.43725 0.027453 0.047648
0 0.387331 0.254595 0.45013 0.039028 0.11055
0 0.248562 0.764393 0.51187 0.108683 0.477739
