0 0.888393 0.858863 0.544355 0.22491 0.388537
0 0.808168 0.086854 0.489684 0.173436 0.975558
0 0.631738 0.711303 0.447029 0.052904 0.091962
0 0.593567 0.596616 0.479507 0.074521 0.231381
0 0.731459 0.550461 0.487868 0.062331 0.188024
0 0.434442 0.473489 0.46579 0.029027 0.17984
0 0.898416 0.44173 0.45885 0.060174 0.201514
0 0.760158 0.653179 0.449558 0.05534 0.085277
0 0.756894 0.498536 0.465793 0.056094 0.190521
0 0.548362 0.518202 0.464694 0.033948 0.193629
0 0.656052 0.685733 0.447695 0.028432 0.063892
0 0.305549 0.164269 0.435224 0.028983 0.12156
0 0.241992 0.605735 0.422857 0.043838 0.127957
0 0.189096 0.182346 0.509271 0.060179 0.164059
0 0.186977 0.521383 0.408227 0.031913 0.076693
0 0.161139 0.563248 0.407257 0.031941 0.059416
0 0.160768 0.962915 0.535166 0.074169 0.42695
0 0.132721 0.627831 0.428066 0.018088 0.028376
0 0.125028 0.925705 0.537929 0.148424 0.432229
0 0.324962 0.703173 0.497974 0.068884 0.193035
0 0.172028 0.415847 0.468413 0.022949 0.157123
0 0.130015 0.473656 0.403434 0.022394 0.052191
