0 0.798866 0.723211 0.429743 0.061268 0.118791
0 0.782823 0.790919 0.402963 0.048169 0.050318
0 0.752925 0.663874 0.535708 0.151884 0.356195
0 0.619098 0.970193 0.473181 0.05901 0.287111
0 0.792748 0.605136 0.449798 0.067365 0.153234
0 0.783511 0.876066 0.505504 0.154121 0.317942
0 0.235784 0.507616 0.458378 0.015255 0.025499
0 0.168164 0.519955 0.456378 0.009949 0.018491
0 0.29654 0.508805 0.451874 0.009359 0.018436
0 0.295032 0.495912 0.452605 0.015972 0.018844
0 0.155825 0.496844 0.46832 0.017668 0.050873
