0 0.707818 0.284659 0.42387 0.050794 0.089678
0 0.493472 0.379444 0.448066 0.051036 0.093297
0 0.757712 0.171783 0.42919 0.074168 0.090713
0 0.74478 0.51072 0.456734 0.045222 0.169002
0 0.429172 0.051463 0.497305 0.102926 0.371843
0 0.708799 0.325437 0.435691 0.034951 0.065279
0 0.315415 0.099521 0.399499 0.046242 0.068864
0 0.260958 0.307288 0.418476 0.020316 0.030943
0 0.233362 0.515872 0.418329 0.040109 0.089331
0 0.188138 0.536378 0.459355 0.034561 0.173378
0 0.38877 0.534774 0.45834 0.022686 0.0831
0 0.377644 0.403084 0.47429 0.067726 0.134908
