0 0.874933 0.39401 0.475253 0.100962 0.24635
0 0.835778 0.241058 0.517788 0.078852 0.259136
0 0.256364 0.24907 0.422858 0.028652 0.043923
0 0.152762 0.309022 0.429884 0.029087 0.031361
0 0.150937 0.345031 0.428948 0.023676 0.032128
0 0.140769 0.307115 0.444675 0.033356 0.060421
0 0.135558 0.346101 0.445679 0.027892 0.066511
0 0.427361 0.295088 0.440255 0.039904 0.066282
0 0.409439 0.331872 0.440994 0.039331 0.067399
0 0.287975 0.443591 0.458881 0.015834 0.031873
0 0.161623 0.236823 0.412342 0.017634 0.035351
0 0.133648 0.455006 0.460819 0.009011 0.024596
