0 0.775541 0.285491 0.470227 0.089206 0.161398
0 0.70064 0.033087 0.435422 0.065619 0.118973
0 0.775783 0.209141 0.45698 0.06624 0.101689
0 0.728753 0.143772 0.454956 0.069873 0.083405
0 0.273662 0.370729 0.493621 0.04552 0.11612
0 0.226184 0.347249 0.462443 0.02531 0.043194
0 0.224655 0.489574 0.487048 0.020015 0.066593
0 0.22032 0.247143 0.441701 0.029603 0.033383
0 0.152887 0.351032 0.496554 0.032337 0.11389
0 0.400496 0.479613 0.481604 0.020075 0.063184
0 0.392074 0.356087 0.481144 0.055749 0.094859
0 0.328553 0.104986 0.450206 0.048363 0.081853
0 0.175597 0.180803 0.433261 0.020898 0.035514
