0 0.878202 0.449472 0.462753 0.051114 0.158894
0 0.32465 0.552972 0.450094 0.032912 0.051828
0 0.241385 0.607162 0.451591 0.038069 0.060811
0 0.229424 0.572236 0.449562 0.021963 0.040599
0 0.198285 0.472982 0.44737 0.019348 0.085239
0 0.169902 0.587937 0.443719 0.021384 0.035073
0 0.134014 0.476716 0.461086 0.017904 0.057879
0 0.395993 0.542368 0.446768 0.027438 0.049518
0 0.318343 0.562998 0.43861 0.016709 0.027432
0 0.305184 0.581322 0.443285 0.023038 0.04363
0 0.232908 0.601818 0.438016 0.027769 0.034201
