0 0.711075 0.341016 0.469212 0.079353 0.166408
0 0.553484 0.213451 0.500543 0.079242 0.218809
0 0.387087 0.450612 0.47452 0.020034 0.071339
0 0.313134 0.266663 0.443122 0.027789 0.038473
0 0.229222 0.2359 0.451047 0.046311 0.073802
0 0.176553 0.407867 0.472257 0.011093 0.018377
0 0.159867 0.423448 0.469942 0.013666 0.023945
0 0.39415 0.438632 0.471008 0.020237 0.065614
0 0.366733 0.255946 0.450712 0.029977 0.061204
0 0.347098 0.185435 0.494533 0.050659 0.240033
0 0.267208 0.390157 0.476418 0.01318 0.054873
0 0.251477 0.300502 0.489578 0.081585 0.132485
0 0.218026 0.411126 0.470511 0.015161 0.035865
0 0.164772 0.221238 0.446462 0.044043 0.073696
