0 0.89745 0.383575 0.473075 0.093381 0.322874
0 0.853599 0.527187 0.514513 0.082401 0.213799
0 0.818094 0.660459 0.455799 0.042682 0.079009
0 0.819704 0.612576 0.459714 0.067298 0.093071
0 0.711874 0.464616 0.479884 0.028621 0.095523
0 0.757356 0.699381 0.47112 0.06255 0.103363
0 0.376234 0.442233 0.479223 0.015634 0.062757
0 0.139635 0.480679 0.453926 0.015744 0.034376
0 0.336931 0.451497 0.478725 0.022883 0.096759
0 0.224463 0.429543 0.481421 0.011549 0.075523
0 0.218226 0.422247 0.480668 0.020165 0.077325
