0 0.82759 0.584826 0.511612 0.105438 0.213068
0 0.906575 0.775224 0.536592 0.114692 0.314484
0 0.907939 0.413024 0.469099 0.16313 0.550617
0 0.62229 0.316477 0.470733 0.054651 0.402557
0 0.894566 0.273142 0.466738 0.115174 0.447936
0 0.851439 0.643485 0.538748 0.100243 0.301188
0 0.796017 0.925093 0.491984 0.149815 0.968068
0 0.617196 0.515148 0.498526 0.063274 0.13894
0 0.535734 0.521714 0.459191 0.047323 0.061711
0 0.176475 0.321927 0.32401 0.053645 0.108271
0 0.170652 0.327903 0.525494 0.033067 0.241051
0 0.21425 0.481637 0.471907 0.021079 0.030352
