0 0.56343 0.147818 0.431548 0.065061 0.128875
0 0.479477 0.086298 0.577392 0.171594 0.453448
0 0.778746 0.192497 0.421891 0.041886 0.081118
0 0.741256 0.230844 0.565714 0.216763 0.435415
0 0.841435 0.484991 0.474847 0.035966 0.114303
0 0.20463 0.128372 0.515986 0.09758 0.294001
0 0.191762 0.027543 0.451419 0.052864 0.134693
0 0.12593 0.329747 0.53794 0.171725 0.443977
0 0.441269 0.369184 0.461025 0.095073 0.308703
0 0.27277 0.462706 0.481156 0.014847 0.063846
0 0.231603 0.227623 0.428371 0.035837 0.063911
0 0.200837 0.159435 0.57513 0.176021 0.404652
