0 0.836686 0.710128 0.494083 0.074521 0.21875
0 0.802471 0.538479 0.494569 0.083036 0.206798
0 0.874548 0.476703 0.458784 0.080874 0.248656
0 0.931043 0.371233 0.445663 0.075678 0.239938
0 0.685943 0.952 0.567657 0.095937 0.538074
0 0.534497 0.607282 0.436046 0.049499 0.083607
0 0.549856 0.6399 0.481598 0.083991 0.181929
0 0.590506 0.687038 0.435269 0.033966 0.070083
0 0.644909 0.442703 0.461472 0.044327 0.206139
0 0.302902 0.641917 0.442641 0.088565 0.105324
0 0.300883 0.429468 0.464819 0.03291 0.129638
0 0.300192 0.573008 0.44653 0.023743 0.047449
0 0.212023 0.047841 0.448914 0.067271 0.07086
0 0.202608 0.092041 0.514625 0.051801 0.190382
0 0.160954 0.092876 0.412243 0.056075 0.110208
0 0.142476 0.017407 0.457446 0.033976 0.080853
0 0.330635 0.416414 0.440098 0.023796 0.144546
0 0.267251 0.565935 0.448117 0.026913 0.055579
0 0.183126 0.590979 0.493328 0.077654 0.205457
