0 0.825431 0.331997 0.467257 0.071761 0.125767
0 0.870897 0.124816 0.444875 0.082031 0.097652
0 0.714671 0.197283 0.451226 0.063417 0.075501
0 0.702413 0.269839 0.453834 0.050592 0.072063
0 0.338251 0.243032 0.459071 0.042956 0.057608
0 0.299343 0.393366 0.48925 0.041807 0.097581
0 0.231695 0.375059 0.459205 0.018342 0.033228
0 0.225306 0.499462 0.483183 0.018044 0.066348
0 0.130868 0.295338 0.447325 0.017239 0.032308
0 0.400363 0.489861 0.477267 0.018922 0.064823
0 0.372971 0.381178 0.479864 0.045184 0.083214
0 0.324063 0.230636 0.454691 0.042226 0.052799
0 0.319687 0.173123 0.441958 0.030718 0.046135
0 0.303146 0.362002 0.456062 0.018556 0.032824
