0 0.373615 0.415147 0.480801 0.022097 0.089987
0 0.347829 0.177131 0.433446 0.033719 0.049862
0 0.262266 0.440945 0.471363 0.021126 0.041313
0 0.22725 0.128905 0.433928 0.058831 0.129997
0 0.179547 0.460568 0.475842 0.014339 0.028532
0 0.45165 0.171148 0.508027 0.165944 0.266258
0 0.400336 0.401051 0.474271 0.020911 0.083036
0 0.335468 0.040966 0.492806 0.08183 0.306399
0 0.303328 0.161241 0.433078 0.041402 0.048484
0 0.205105 0.432425 0.47053 0.019859 0.045267
0 0.171037 0.424468 0.474285 0.018567 0.050068
