0 0.700655 0.946578 0.597597 0.106666 0.554311
0 0.306987 0.635304 0.442531 0.057464 0.098959
0 0.66862 0.850359 0.441961 0.099518 0.135264
0 0.567324 0.740983 0.424435 0.049978 0.065091
0 0.799441 0.796325 0.426838 0.049414 0.062684
0 0.683078 0.886567 0.43353 0.053728 0.090148
0 0.506064 0.647696 0.516391 0.084688 0.251972
0 0.392423 0.681706 0.535103 0.154422 0.302393
0 0.199277 0.562172 0.464362 0.01554 0.027452
0 0.151071 0.837287 0.403993 0.038514 0.058294
0 0.297256 0.841168 0.51281 0.118526 0.281997
0 0.202635 0.551522 0.472965 0.01781 0.052563
0 0.198538 0.691929 0.434532 0.062555 0.105002
