0 0.420295 0.107153 0.418048 0.073207 0.151342
0 0.660623 0.202043 0.453209 0.064403 0.11519
0 0.815532 0.265895 0.442854 0.061639 0.089856
0 0.745344 0.301805 0.441848 0.048178 0.07802
0 0.185964 0.316656 0.503193 0.115858 0.192179
0 0.148494 0.35483 0.442871 0.043046 0.07707
0 0.132348 0.34661 0.434386 0.029783 0.059812
0 0.429082 0.089747 0.528654 0.106077 0.374663
0 0.383678 0.493749 0.478344 0.02821 0.082718
0 0.382438 0.342638 0.463579 0.061956 0.12446
0 0.318315 0.181354 0.462492 0.056683 0.139475
0 0.156533 0.202208 0.437925 0.040935 0.087518
