0 0.857331 0.515193 0.452294 0.045576 0.183089
0 0.654587 0.377167 0.440896 0.05446 0.090548
0 0.553045 0.14672 0.422349 0.076591 0.102526
0 0.782716 0.318115 0.431358 0.035756 0.068649
0 0.589601 0.264237 0.431966 0.075313 0.126336
0 0.211117 0.295879 0.413219 0.022722 0.035985
0 0.19787 0.086462 0.57968 0.172678 0.454231
0 0.150698 0.546796 0.473016 0.02531 0.096599
0 0.141699 0.434795 0.428464 0.034759 0.056588
0 0.348981 0.286611 0.408095 0.020959 0.03152
0 0.337135 0.039415 0.406838 0.075798 0.12701
0 0.333459 0.541691 0.458619 0.021854 0.076087
0 0.223828 0.401271 0.472134 0.08 0.148266
0 0.195936 0.412759 0.448127 0.059154 0.104074
