0 0.857602 0.74866 0.53059 0.123827 0.295484
0 0.878616 0.641488 0.474019 0.109241 0.380925
0 0.859543 0.386334 0.468992 0.065417 0.308245
0 0.884474 0.444756 0.47343 0.067988 0.325444
0 0.812977 0.544264 0.468081 0.084068 0.344709
0 0.815654 0.041037 0.427332 0.071753 0.128617
0 0.77973 0.219168 0.487758 0.09716 0.266091
0 0.642709 0.162496 0.436625 0.05773 0.11763
0 0.338662 0.077141 0.429469 0.089453 0.127932
0 0.30923 0.69188 0.426309 0.043001 0.131471
0 0.213532 0.13066 0.458297 0.104426 0.23001
0 0.190676 0.351097 0.428518 0.027013 0.044199
0 0.368633 0.087879 0.502901 0.132114 0.326961
0 0.269395 0.114768 0.379774 0.041652 0.083166
0 0.190663 0.342806 0.42572 0.030269 0.044863
