0 0.908449 0.057336 0.485978 0.11467 0.509446
0 0.640408 0.171217 0.460417 0.023928 0.106511
0 0.408074 0.210486 0.46214 0.040109 0.142227
0 0.365836 0.231924 0.465158 0.019123 0.10438
0 0.259299 0.188803 0.444134 0.016309 0.062608
0 0.225786 0.184023 0.461706 0.020576 0.105137
0 0.126306 0.190245 0.424852 0.015329 0.024467
0 0.420087 0.193701 0.457461 0.038286 0.141261
0 0.393362 0.215809 0.459707 0.022382 0.094237
0 0.376351 0.155547 0.456031 0.031017 0.108761
0 0.148961 0.178129 0.46197 0.01259 0.115168
