0 0.857389 0.176516 0.430161 0.080342 0.111784
0 0.31788 0.368187 0.487111 0.049083 0.11319
0 0.345318 0.323307 0.452601 0.020438 0.044278
0 0.344178 0.298039 0.448784 0.043458 0.068557
0 0.272505 0.36353 0.463033 0.038424 0.071887
0 0.253697 0.229231 0.442544 0.029667 0.049265
0 0.16296 0.395222 0.454577 0.024313 0.042903
0 0.411256 0.217176 0.449218 0.033662 0.068293
0 0.398383 0.310613 0.452269 0.023717 0.048967
0 0.387869 0.484237 0.477807 0.016992 0.055561
0 0.376752 0.348574 0.452584 0.032042 0.055336
0 0.353245 0.282325 0.436284 0.036454 0.050769
0 0.237176 0.381896 0.467627 0.037052 0.078432
0 0.201763 0.141758 0.444056 0.021741 0.062507
