0 0.790696 0.677656 0.447512 0.038082 0.072633
0 0.450942 0.491129 0.470487 0.019706 0.040568
0 0.833777 0.539562 0.486028 0.054787 0.136037
0 0.379003 0.631838 0.443841 0.05214 0.076095
0 0.303658 0.584205 0.449076 0.040056 0.05608
0 0.223058 0.505972 0.464834 0.016028 0.031096
0 0.167308 0.571821 0.43754 0.017988 0.024542
0 0.136867 0.554801 0.436858 0.016544 0.029841
0 0.419192 0.638827 0.502593 0.068294 0.193962
0 0.285918 0.575893 0.441285 0.028163 0.044269
0 0.277098 0.546991 0.444951 0.018832 0.054228
0 0.252049 0.563395 0.446409 0.017678 0.045936
0 0.243452 0.607374 0.434882 0.022002 0.052349
0 0.185806 0.579629 0.432447 0.020925 0.026743
0 0.137503 0.63656 0.426654 0.035686 0.043131
0 0.12904 0.723268 0.507041 0.062246 0.205556
