0 0.912134 0.8232 0.588226 0.281035 0.498761
0 0.908038 0.527087 0.480709 0.069345 0.272275
0 0.852606 0.658742 0.466242 0.050022 0.079475
0 0.763879 0.470231 0.484222 0.039324 0.187686
0 0.714937 0.415106 0.49268 0.037228 0.118981
0 0.380716 0.741235 0.458663 0.102566 0.153619
0 0.354149 0.486701 0.483236 0.030977 0.187938
0 0.329225 0.437023 0.507102 0.029125 0.090091
0 0.170895 0.072532 0.440348 0.044884 0.053387
0 0.415536 0.748146 0.518411 0.112776 0.268673
0 0.348722 0.454804 0.485503 0.03122 0.178934
