0 0.906906 0.073935 0.497686 0.125327 0.293007
0 0.758121 0.268404 0.440013 0.066718 0.077521
0 0.776657 0.447459 0.471841 0.050445 0.141318
0 0.636094 0.291793 0.445511 0.028962 0.056205
0 0.552456 0.393335 0.449006 0.023008 0.040406
0 0.370939 0.348406 0.447662 0.03466 0.060098
0 0.280406 0.406225 0.447663 0.017425 0.032791
0 0.255193 0.367301 0.443913 0.016837 0.025492
0 0.161363 0.514522 0.487028 0.016463 0.078707
0 0.375354 0.355734 0.448836 0.019409 0.043537
0 0.369652 0.382702 0.449264 0.02738 0.044611
0 0.338811 0.335759 0.442186 0.034466 0.05184
0 0.207478 0.23549 0.438546 0.023 0.066545
0 0.186121 0.505478 0.472515 0.015821 0.0496
