0 0.763519 0.713427 0.515346 0.091653 0.239713
0 0.739613 0.818404 0.516952 0.084361 0.249092
0 0.803626 0.588592 0.490471 0.064359 0.160738
0 0.476875 0.679889 0.430299 0.037885 0.045954
0 0.468528 0.628336 0.445905 0.043878 0.060688
0 0.300627 0.712428 0.444232 0.096393 0.097859
0 0.165199 0.623811 0.450762 0.024388 0.049425
0 0.151026 0.542849 0.464764 0.016902 0.026715
0 0.133264 0.622874 0.437784 0.02166 0.023012
0 0.123426 0.526011 0.473402 0.02043 0.032281
0 0.296145 0.613557 0.447497 0.023051 0.051723
0 0.282818 0.531274 0.477555 0.016622 0.061414
0 0.237381 0.56968 0.442473 0.033403 0.060718
