0 0.245886 0.451251 0.483412 0.012225 0.042576
0 0.242603 0.402798 0.475241 0.033766 0.081461
0 0.181213 0.346871 0.517333 0.025233 0.065607
0 0.166163 0.362547 0.464555 0.017001 0.02701
0 0.161056 0.429483 0.487758 0.015966 0.045143
0 0.35049 0.43685 0.475578 0.010944 0.036199
0 0.284783 0.336936 0.500625 0.026828 0.100597
0 0.252561 0.380078 0.477159 0.052247 0.086352
0 0.188411 0.418603 0.477249 0.010728 0.028871
0 0.18374 0.348869 0.466575 0.020451 0.035227
0 0.173965 0.364414 0.498133 0.026933 0.10857
0 0.151371 0.413019 0.477542 0.009757 0.024604
