0 0.888478 0.630643 0.501626 0.08403 0.132787
0 0.872174 0.572802 0.471403 0.05811 0.186817
0 0.431215 0.341661 0.424664 0.056321 0.203825
0 0.374855 0.501301 0.469512 0.02511 0.07943
0 0.317217 0.521204 0.471309 0.0203 0.076683
0 0.136902 0.430481 0.423731 0.01938 0.032229
0 0.398164 0.488225 0.464295 0.023937 0.078165
0 0.372067 0.509474 0.463823 0.01989 0.076317
0 0.347434 0.529417 0.483473 0.015612 0.038838
0 0.308822 0.495568 0.463749 0.015868 0.077849
0 0.299908 0.321159 0.38255 0.111345 0.124988
