0 0.814072 0.950179 0.589575 0.099498 0.373643
0 0.575966 0.464712 0.485496 0.019244 0.083241
0 0.267916 0.488044 0.48687 0.022925 0.090288
0 0.19148 0.779293 0.489543 0.161789 0.338907
0 0.173603 0.027019 0.090357 0.013185 0.053135
0 0.171654 0.503719 0.477357 0.017902 0.068159
0 0.462349 0.799166 0.415519 0.128647 0.186928
0 0.383059 0.452652 0.48196 0.021975 0.078394
0 0.350278 0.47851 0.483356 0.033204 0.0943
0 0.263896 0.497151 0.463615 0.016909 0.043935
0 0.156903 0.495739 0.47896 0.018246 0.080632
0 0.145606 0.465499 0.460677 0.01551 0.04149
