0 0.659086 0.406979 0.477923 0.05131 0.120921
0 0.306114 0.316857 0.463293 0.024601 0.062071
0 0.303784 0.487794 0.480253 0.014318 0.051224
0 0.28269 0.371298 0.461723 0.023126 0.026528
0 0.215047 0.391249 0.510104 0.087407 0.17674
0 0.21053 0.37591 0.521553 0.051428 0.143505
0 0.20194 0.334687 0.461329 0.025401 0.05362
0 0.401087 0.475632 0.476867 0.016393 0.051173
0 0.393812 0.359168 0.512774 0.042418 0.150156
0 0.352791 0.318927 0.50129 0.044389 0.144138
0 0.325549 0.389618 0.485891 0.03475 0.100062
0 0.245823 0.304015 0.505999 0.026825 0.153366
0 0.217414 0.459073 0.477542 0.010851 0.025871
0 0.196483 0.434262 0.471246 0.011726 0.021308
0 0.183212 0.304351 0.459082 0.026922 0.05965
0 0.167912 0.35773 0.466065 0.032188 0.041859
0 0.167724 0.447354 0.472516 0.011459 0.01814
0 0.146897 0.447882 0.482469 0.013197 0.036206
