0 0.885076 0.165472 0.528319 0.129107 0.289138
0 0.258617 0.397274 0.468009 0.02172 0.035283
0 0.404672 0.371364 0.466281 0.016463 0.035717
0 0.657244 0.05883 0.558582 0.117608 0.369026
0 0.313245 0.434289 0.462223 0.033245 0.053435
0 0.263234 0.322976 0.465463 0.03001 0.053797
0 0.253182 0.406882 0.469543 0.022569 0.034186
0 0.221604 0.356254 0.454131 0.01852 0.027935
0 0.178153 0.383122 0.468252 0.017765 0.035415
0 0.170591 0.188002 0.432372 0.061156 0.089157
0 0.141684 0.289546 0.463047 0.041967 0.061524
0 0.126593 0.322763 0.506541 0.042495 0.136143
0 0.122021 0.355192 0.463385 0.024317 0.046312
0 0.400388 0.506118 0.478455 0.013049 0.049003
0 0.400272 0.42081 0.477394 0.051365 0.085517
0 0.337116 0.311266 0.460609 0.027021 0.048
0 0.320709 0.12167 0.441541 0.081537 0.120554
0 0.300227 0.347448 0.459809 0.027447 0.041824
0 0.164986 0.283746 0.456017 0.019722 0.043707
