0 0.771696 0.522269 0.487041 0.05062 0.125943
0 0.717577 0.643666 0.452931 0.040444 0.069235
0 0.340214 0.698669 0.51048 0.071825 0.18973
0 0.281707 0.606152 0.450468 0.042476 0.070075
0 0.240158 0.563693 0.453367 0.034168 0.050408
0 0.192282 0.548141 0.452074 0.022153 0.036797
0 0.182737 0.490371 0.46579 0.016417 0.022195
0 0.442425 0.616816 0.501355 0.069211 0.176432
0 0.338932 0.478265 0.473194 0.016768 0.045746
0 0.233788 0.541551 0.443442 0.017232 0.026221
0 0.222106 0.558883 0.437604 0.024032 0.025248
0 0.206111 0.554868 0.448737 0.03178 0.047972
0 0.157761 0.505873 0.4462 0.026971 0.048667
