0 0.9138 0.148585 0.459929 0.174302 0.705417
0 0.73713 0.462715 0.482417 0.054372 0.248633
0 0.878119 0.404733 0.485137 0.081312 0.273433
0 0.8196 0.514562 0.483864 0.061787 0.242649
0 0.446012 0.442537 0.478916 0.038591 0.244511
0 0.902432 0.2982 0.477626 0.079771 0.291563
0 0.321696 0.371619 0.498398 0.027632 0.100765
0 0.259536 0.35493 0.521745 0.042641 0.165912
0 0.453614 0.836665 0.102593 0.056822 0.204454
0 0.420257 0.341159 0.479616 0.050998 0.231656
0 0.242539 0.364367 0.464628 0.02373 0.170574
