0 0.892667 0.882541 0.546271 0.119462 0.304496
0 0.818302 0.545495 0.482349 0.065666 0.359505
0 0.835308 0.814463 0.477825 0.12801 0.471408
0 0.800539 0.487815 0.479974 0.112882 0.430302
0 0.832019 0.633667 0.458077 0.085413 0.330864
0 0.304721 0.152522 0.476458 0.136863 0.239909
0 0.731575 0.079645 0.429734 0.071704 0.133642
0 0.507756 0.211205 0.438331 0.054838 0.123383
0 0.642194 0.265022 0.499042 0.120715 0.29904
0 0.353478 0.173629 0.382584 0.041905 0.090617
0 0.380581 0.422917 0.438312 0.031837 0.039054
0 0.296264 0.743765 0.500651 0.063135 0.359208
0 0.351748 0.434793 0.433222 0.03301 0.047141
0 0.224846 0.900642 0.450526 0.071527 0.108528
0 0.223369 0.408363 0.435988 0.018359 0.038934
0 0.17617 0.750138 0.395297 0.047307 0.148569
