0 0.85317 0.843161 0.562403 0.205356 0.371555
0 0.820951 0.46316 0.477101 0.092633 0.353357
0 0.929654 0.363601 0.481943 0.088065 0.32979
0 0.895258 0.561272 0.49041 0.090839 0.351898
0 0.665502 0.672243 0.467197 0.034653 0.068619
0 0.50327 0.429849 0.476603 0.053978 0.317993
0 0.407943 0.702013 0.46872 0.05355 0.085466
0 0.310601 0.190193 0.531756 0.054265 0.173564
0 0.301646 0.515515 0.429033 0.040765 0.117767
0 0.293787 0.64177 0.475184 0.072733 0.096194
0 0.207797 0.620647 0.471364 0.042572 0.084393
0 0.166838 0.425364 0.51337 0.043494 0.204237
0 0.150609 0.213563 0.454885 0.018134 0.103058
0 0.420748 0.692894 0.516639 0.067667 0.190023
0 0.345345 0.631268 0.517399 0.06692 0.187279
0 0.176065 0.499947 0.492499 0.044026 0.27726
