0 0.87604 0.814415 0.54495 0.135346 0.377076
0 0.511229 0.653127 0.439768 0.046639 0.079265
0 0.431716 0.774273 0.421639 0.035726 0.047367
0 0.317389 0.578793 0.455906 0.046565 0.111275
0 0.783887 0.604052 0.501993 0.093874 0.216744
0 0.770097 0.953035 0.538983 0.093422 0.410973
0 0.232397 0.713482 0.421268 0.022577 0.038699
0 0.200443 0.52414 0.462936 0.015859 0.030447
0 0.192113 0.659489 0.424535 0.034976 0.050329
0 0.165827 0.746282 0.445339 0.095761 0.115119
0 0.139433 0.736709 0.409627 0.031279 0.046439
0 0.326411 0.714478 0.430177 0.030188 0.062773
0 0.301798 0.684376 0.430148 0.020677 0.01504
0 0.263186 0.744152 0.493614 0.07811 0.213819
0 0.146253 0.775484 0.447684 0.043221 0.099887
