0 0.839785 0.374333 0.488264 0.156984 0.360002
0 0.802931 0.072892 0.546524 0.144715 0.482213
0 0.845554 0.254333 0.43783 0.051549 0.086607
0 0.326417 0.305528 0.429056 0.033105 0.074845
0 0.423104 0.178209 0.463898 0.088134 0.184348
0 0.212637 0.307955 0.413658 0.027234 0.042965
0 0.154536 0.471803 0.461434 0.017634 0.031856
0 0.4102 0.19156 0.501723 0.127633 0.270062
0 0.383133 0.072018 0.412285 0.087104 0.139794
0 0.290078 0.457868 0.458681 0.014817 0.034235
0 0.21059 0.280123 0.423328 0.016724 0.01756
0 0.14576 0.469467 0.462196 0.008275 0.024371
