0 0.856942 0.365719 0.480775 0.116651 0.190543
0 0.537515 0.113475 0.552824 0.193386 0.536855
0 0.6104 0.196144 0.477561 0.14306 0.455557
0 0.294428 0.264201 0.500541 0.077594 0.232553
0 0.900893 0.516048 0.473965 0.04716 0.152089
0 0.359706 0.20947 0.374854 0.122976 0.250022
0 0.335111 0.101861 0.342825 0.11226 0.21162
0 0.306515 0.314986 0.456753 0.038333 0.065664
0 0.292951 0.056374 0.392868 0.06708 0.202157
0 0.227498 0.459033 0.471203 0.027456 0.045871
0 0.220283 0.433535 0.476201 0.024438 0.046314
0 0.328927 0.091092 0.471375 0.120861 0.471407
0 0.251419 0.439468 0.465658 0.029396 0.042431
0 0.179279 0.271193 0.437189 0.071138 0.108548
0 0.130078 0.30061 0.455818 0.027327 0.067792
