0 0.929827 0.267793 0.466254 0.142613 0.53274
0 0.672245 0.552551 0.494899 0.063995 0.192803
0 0.877841 0.855476 0.545527 0.217971 0.384701
0 0.866413 0.482453 0.46813 0.063516 0.246482
0 0.914467 0.425141 0.460648 0.076503 0.259809
0 0.676896 0.679902 0.449253 0.031361 0.071474
0 0.499293 0.598344 0.49608 0.068709 0.197835
0 0.616472 0.607974 0.416116 0.040731 0.082599
0 0.678822 0.643421 0.46083 0.072454 0.114543
0 0.406942 0.708617 0.448629 0.05706 0.091272
0 0.332179 0.164141 0.431033 0.02959 0.115693
0 0.314638 0.561511 0.419728 0.039136 0.063412
0 0.306395 0.181315 0.472696 0.060466 0.090958
0 0.185678 0.183924 0.514041 0.064949 0.172606
0 0.173357 0.46712 0.465318 0.039684 0.230258
0 0.156849 0.943991 0.534991 0.111966 0.434076
0 0.41001 0.702318 0.49907 0.068015 0.192659
0 0.133467 0.509081 0.447122 0.034425 0.15433
