0 0.834063 0.73207 0.57965 0.192155 0.438131
0 0.811177 0.676496 0.475533 0.094977 0.127689
0 0.850583 0.577647 0.474695 0.050909 0.076657
0 0.893356 0.278985 0.491774 0.088934 0.321569
0 0.387227 0.369826 0.48528 0.023019 0.07118
0 0.381891 0.347295 0.506748 0.04322 0.109412
0 0.353619 0.515748 0.49171 0.063395 0.122422
0 0.134913 0.702808 0.439681 0.0372 0.05856
0 0.460998 0.524414 0.526436 0.102763 0.190941
0 0.371459 0.352057 0.485141 0.027513 0.072551
0 0.338761 0.334474 0.500772 0.032969 0.097873
0 0.242482 0.743524 0.457813 0.16969 0.190822
