0 0.556198 0.794132 0.457886 0.042543 0.10328
0 0.820914 0.857498 0.426639 0.13602 0.412666
0 0.79417 0.410687 0.451571 0.057033 0.201589
0 0.665329 0.461627 0.445482 0.063165 0.185073
0 0.749593 0.673671 0.390922 0.10213 0.222612
0 0.416467 0.384229 0.490225 0.058328 0.150612
0 0.322653 0.960838 0.449742 0.078324 0.193195
0 0.284131 0.549531 0.426424 0.101407 0.148628
0 0.174086 0.72813 0.480135 0.094519 0.221317
0 0.169363 0.677199 0.522476 0.107446 0.322761
0 0.402169 0.522579 0.418457 0.051429 0.131652
0 0.304616 0.368177 0.491049 0.04855 0.179705
0 0.241457 0.745021 0.440787 0.0687 0.137171
0 0.208481 0.929235 0.527073 0.141529 0.331627
