0 0.906817 0.389904 0.487942 0.146097 0.517797
0 0.856233 0.229258 0.483592 0.149405 0.589472
0 0.637334 0.069487 0.434879 0.104761 0.159757
0 0.284787 0.296315 0.451667 0.035965 0.055805
0 0.27708 0.03012 0.326843 0.059045 0.529186
0 0.27222 0.071694 0.5164 0.125464 0.343781
0 0.213544 0.324163 0.45859 0.019608 0.03726
0 0.309243 0.785777 0.503124 0.126867 0.519691
0 0.257278 0.30429 0.454151 0.01729 0.03794
0 0.231049 0.320864 0.443567 0.015946 0.027036
0 0.180858 0.036732 0.476582 0.072599 0.629587
0 0.152016 0.062492 0.375344 0.102777 0.279929
