0 0.885443 0.587744 0.46713 0.058678 0.200678
0 0.89868 0.456439 0.460299 0.047281 0.258498
0 0.626014 0.699158 0.509743 0.145041 0.70239
0 0.628571 0.629361 0.462874 0.038891 0.203287
0 0.361725 0.561775 0.469288 0.022166 0.076623
0 0.268434 0.54356 0.467765 0.016252 0.049214
0 0.453569 0.936129 0.498817 0.127742 0.587268
0 0.371086 0.668334 0.46747 0.07463 0.611606
0 0.364306 0.553231 0.466487 0.017089 0.066271
0 0.29882 0.538028 0.463185 0.011234 0.051361
0 0.181635 0.531944 0.464055 0.011395 0.047562
