0 0.917578 0.17024 0.483555 0.144151 0.567383
0 0.306546 0.244527 0.428181 0.020211 0.029373
0 0.303031 0.332568 0.487985 0.055431 0.15549
0 0.27373 0.273728 0.422181 0.028788 0.037091
0 0.254731 0.380526 0.460964 0.023408 0.078637
0 0.226123 0.314204 0.426084 0.024313 0.039781
0 0.204435 0.226328 0.466573 0.046316 0.139717
0 0.402223 0.363666 0.456212 0.025464 0.079805
0 0.353595 0.318516 0.457051 0.045199 0.105209
0 0.319597 0.257443 0.427001 0.041081 0.055187
0 0.26097 0.330772 0.451194 0.037611 0.087071
0 0.206381 0.409613 0.464325 0.009608 0.024357
