0 0.8968 0.465792 0.468795 0.072194 0.293273
0 0.847105 0.548643 0.454322 0.074568 0.29222
0 0.765319 0.264497 0.482196 0.082023 0.239357
0 0.836871 0.101392 0.424569 0.062565 0.120694
0 0.680511 0.376475 0.425848 0.031364 0.040834
0 0.461652 0.160752 0.494971 0.131474 0.267906
0 0.733181 0.752247 0.51793 0.108909 0.25631
0 0.408289 0.682356 0.408004 0.086476 0.254774
0 0.357584 0.389 0.425558 0.029091 0.041925
0 0.255041 0.142124 0.428683 0.078897 0.11053
0 0.209751 0.650205 0.413955 0.032301 0.167376
0 0.387952 0.69909 0.46892 0.108759 0.370741
0 0.353207 0.204823 0.420874 0.054642 0.125881
0 0.317272 0.657952 0.487577 0.05331 0.30468
0 0.239793 0.168494 0.429419 0.082599 0.115943
0 0.189871 0.43281 0.483337 0.029803 0.190322
0 0.137439 0.651058 0.362696 0.027631 0.056339
