0 0.90106 0.53068 0.474981 0.056086 0.202883
0 0.603261 0.452655 0.463881 0.033147 0.091616
0 0.543986 0.49086 0.465942 0.02264 0.071377
0 0.31417 0.354195 0.496195 0.057013 0.163186
0 0.266582 0.40173 0.432975 0.024757 0.030759
0 0.183939 0.379377 0.437687 0.020389 0.023228
0 0.148953 0.437015 0.437242 0.021463 0.035278
0 0.350932 0.363301 0.447007 0.028307 0.054086
0 0.323744 0.438109 0.476839 0.046861 0.128282
0 0.29777 0.394622 0.428418 0.029704 0.033882
0 0.274926 0.47281 0.459357 0.015714 0.060112
0 0.240952 0.336422 0.483829 0.044164 0.159319
0 0.157547 0.380296 0.430608 0.014023 0.029596
