0 0.722619 0.747782 0.517493 0.148908 0.28619
0 0.600409 0.548461 0.459706 0.023414 0.034386
0 0.754359 0.521051 0.484272 0.032646 0.094863
0 0.239548 0.5563 0.458463 0.01758 0.032125
0 0.232246 0.577067 0.45773 0.033838 0.041884
0 0.143814 0.473762 0.466811 0.015203 0.047578
0 0.137183 0.509553 0.469504 0.011811 0.024827
0 0.133101 0.526014 0.46572 0.027911 0.055982
0 0.261519 0.593947 0.446079 0.013247 0.01991
0 0.206138 0.570039 0.449172 0.020811 0.026439
0 0.199828 0.605962 0.446741 0.011156 0.018029
0 0.152727 0.580346 0.448859 0.01916 0.025704
