0 0.804763 0.280824 0.434552 0.063861 0.071887
0 0.855405 0.124628 0.472422 0.096614 0.222247
0 0.701661 0.39091 0.444315 0.025575 0.041882
0 0.702196 0.343941 0.437705 0.036258 0.050785
0 0.412419 0.474202 0.464923 0.026158 0.107369
0 0.284138 0.367966 0.444794 0.017237 0.041257
0 0.271538 0.406738 0.445709 0.021122 0.036273
0 0.251212 0.013464 0.437083 0.026304 0.302706
0 0.183845 0.431846 0.461016 0.030574 0.076738
0 0.45974 0.46365 0.463546 0.031215 0.110055
0 0.374091 0.379852 0.442091 0.027677 0.042994
0 0.348436 0.354605 0.440884 0.016453 0.039815
0 0.308047 0.406029 0.467792 0.058289 0.0917
0 0.302962 0.247911 0.428549 0.024717 0.041127
