0 0.637886 0.3531 0.474581 0.089139 0.198931
0 0.806349 0.168659 0.517086 0.139407 0.317242
0 0.550848 0.271073 0.443754 0.037518 0.043597
0 0.412542 0.226555 0.4303 0.043783 0.050126
0 0.46144 0.444444 0.47606 0.013536 0.026422
0 0.405421 0.489243 0.477022 0.022586 0.08146
0 0.185313 0.260384 0.446268 0.018439 0.035599
0 0.157333 0.458759 0.475806 0.014279 0.027719
0 0.425013 0.478181 0.47667 0.024627 0.083869
0 0.355841 0.303797 0.53248 0.115272 0.262355
0 0.268356 0.223882 0.445461 0.050493 0.081428
0 0.196613 0.25163 0.441304 0.019327 0.036533
0 0.159654 0.42802 0.48227 0.012425 0.052808
0 0.154393 0.427672 0.468762 0.012069 0.026711
