0 0.789278 0.086509 0.548534 0.171764 0.524999
0 0.915925 0.388116 0.456166 0.073823 0.254049
0 0.730379 0.193037 0.430887 0.07172 0.100857
0 0.689904 0.235494 0.464448 0.137037 0.215085
0 0.358363 0.35371 0.463265 0.031735 0.132568
0 0.251376 0.312203 0.441707 0.020865 0.034761
0 0.176072 0.333143 0.446697 0.015611 0.025095
0 0.424598 0.342004 0.458149 0.033643 0.145181
0 0.279066 0.32069 0.441486 0.016574 0.033524
0 0.243499 0.212905 0.426642 0.026415 0.054476
0 0.207735 0.300482 0.438342 0.021446 0.039579
