0 0.737255 0.781283 0.405432 0.047618 0.048477
0 0.700884 0.715382 0.42939 0.060833 0.105037
0 0.628004 0.653869 0.522066 0.131982 0.316255
0 0.75955 0.932576 0.42848 0.076458 0.165549
0 0.589729 0.975907 0.524866 0.047736 0.390317
0 0.769392 0.830597 0.527624 0.154224 0.338243
0 0.685228 0.609691 0.447605 0.063379 0.139979
0 0.180502 0.523605 0.451706 0.014577 0.021723
0 0.150336 0.728899 0.532216 0.299571 0.340089
0 0.174452 0.512215 0.447489 0.016129 0.021398
0 0.148537 0.980116 0.441724 0.039643 0.191603
