0 0.388166 0.291159 0.493806 0.028235 0.087652
0 0.688143 0.433061 0.513672 0.053877 0.133495
0 0.890625 0.495054 0.510902 0.054391 0.149395
0 0.489811 0.318514 0.494902 0.035576 0.09282
0 0.340736 0.409038 0.479558 0.033543 0.059773
0 0.27093 0.340881 0.470411 0.027787 0.042927
0 0.2291 0.291693 0.475875 0.022231 0.049224
0 0.190967 0.310672 0.473587 0.026404 0.047136
0 0.1463 0.337809 0.49729 0.036466 0.096402
0 0.130676 0.406044 0.507343 0.050182 0.118088
0 0.411711 0.381843 0.507185 0.058781 0.116297
0 0.309694 0.274532 0.495341 0.024791 0.092184
0 0.183655 0.396158 0.473523 0.02782 0.051911
