0 0.476079 0.942244 0.649754 0.11551 0.699237
0 0.909947 0.653226 0.482159 0.107819 0.406509
0 0.713519 0.861515 0.633712 0.225588 0.674082
0 0.846233 0.432797 0.47348 0.045927 0.187378
0 0.734537 0.51053 0.478123 0.042311 0.210116
0 0.892428 0.302203 0.448566 0.048548 0.100503
0 0.747005 0.469365 0.474728 0.035389 0.203483
0 0.417285 0.030775 0.462075 0.060378 0.139856
0 0.409738 0.262181 0.443453 0.038744 0.111808
0 0.400011 0.36463 0.449512 0.046985 0.094848
0 0.340926 0.528506 0.483583 0.029712 0.185396
0 0.446139 0.354594 0.477065 0.045266 0.153844
0 0.414589 0.246349 0.445787 0.035557 0.105512
0 0.368958 0.490179 0.473886 0.054917 0.225125
0 0.137036 0.98019 0.64245 0.039619 0.715101
