0 0.915425 0.309757 0.455669 0.092641 0.330904
0 0.476837 0.375234 0.444838 0.021849 0.036976
0 0.290177 0.269459 0.439059 0.027285 0.047426
0 0.244673 0.171583 0.45335 0.080423 0.151146
0 0.185036 0.412573 0.442649 0.027104 0.04775
0 0.184375 0.387621 0.448301 0.022427 0.033895
0 0.362748 0.391625 0.465476 0.046817 0.077229
0 0.35284 0.253381 0.431521 0.033051 0.037074
0 0.29211 0.363929 0.443707 0.026594 0.039222
0 0.26118 0.153153 0.430978 0.067101 0.111583
0 0.258614 0.472696 0.467212 0.013659 0.039394
