0 0.583788 0.406347 0.473614 0.044331 0.10265
0 0.609996 0.332343 0.503805 0.043143 0.132997
0 0.310442 0.37937 0.512729 0.048952 0.130564
0 0.256678 0.478017 0.477332 0.012815 0.041418
0 0.247589 0.332737 0.462291 0.030891 0.052058
0 0.23521 0.370004 0.46155 0.022426 0.028027
0 0.367332 0.466572 0.475137 0.012676 0.044653
0 0.321889 0.362505 0.505672 0.035608 0.135051
0 0.220639 0.387547 0.482304 0.032226 0.09004
0 0.219507 0.356264 0.458116 0.020542 0.02723
0 0.18162 0.43775 0.474332 0.011333 0.028122
0 0.142653 0.441091 0.476178 0.011025 0.031397
