0 0.821847 0.26923 0.560755 0.229248 0.494733
0 0.531153 0.082995 0.588742 0.164188 0.706725
0 0.243482 0.059782 0.449684 0.038376 0.086539
0 0.2324 0.405899 0.481381 0.017404 0.056573
0 0.165444 0.02322 0.411136 0.045578 0.498989
0 0.14077 0.070514 0.43597 0.02284 0.070845
0 0.313836 0.393029 0.471264 0.020255 0.042906
0 0.200066 0.242235 0.42739 0.027428 0.040776
0 0.169729 0.045118 0.434885 0.090235 0.58924
0 0.159449 0.512635 0.476326 0.010527 0.030643
0 0.136291 0.023018 0.695129 0.046004 0.476804
