0 0.604828 0.075551 0.487996 0.121767 0.288232
0 0.805703 0.190894 0.510065 0.19172 0.370702
0 0.731324 0.115883 0.403146 0.035434 0.032155
0 0.330399 0.512208 0.476813 0.024336 0.083157
0 0.249863 0.285029 0.437692 0.034873 0.072105
0 0.228788 0.331416 0.444493 0.031705 0.055271
0 0.172113 0.345838 0.501754 0.092242 0.178008
0 0.16682 0.015395 0.419451 0.030789 0.132877
0 0.432997 0.504965 0.470112 0.023377 0.07863
0 0.373388 0.353738 0.468825 0.064668 0.11567
0 0.367438 0.27469 0.433063 0.036921 0.068717
0 0.186943 0.012611 0.490543 0.024874 0.333233
0 0.165439 0.314315 0.442448 0.039842 0.053829
0 0.140931 0.074693 0.421982 0.116372 0.152778
