0 0.876681 0.146844 0.512367 0.228891 0.721594
0 0.911676 0.578003 0.497647 0.162121 0.685991
0 0.781943 0.90353 0.583749 0.192941 0.51266
0 0.821063 0.694547 0.487681 0.097553 0.482866
0 0.851992 0.78498 0.497685 0.168209 0.759778
0 0.383221 0.368824 0.469771 0.053126 0.252814
0 0.378301 0.433615 0.492613 0.023446 0.076316
0 0.3655 0.464267 0.48895 0.02621 0.073598
0 0.14117 0.25391 0.497018 0.073445 0.19451
0 0.377745 0.451561 0.487937 0.024331 0.075319
0 0.283353 0.422006 0.467011 0.025781 0.032285
0 0.276583 0.421209 0.487775 0.025822 0.073104
0 0.137283 0.978388 0.63757 0.043085 0.565953
