0 0.737967 0.143884 0.417001 0.075088 0.13035
0 0.791168 0.281743 0.437517 0.062184 0.08134
0 0.753563 0.225451 0.435891 0.044952 0.082484
0 0.808458 0.314728 0.437382 0.040821 0.072111
0 0.3425 0.200615 0.432858 0.037741 0.079706
0 0.319125 0.337437 0.493742 0.11726 0.179234
0 0.215363 0.361418 0.439341 0.039999 0.072611
0 0.42063 0.347013 0.458725 0.059888 0.118592
0 0.409698 0.494361 0.465581 0.027319 0.093465
0 0.407979 0.18681 0.432894 0.037017 0.088497
0 0.302923 0.228255 0.457139 0.061058 0.133693
0 0.29443 0.024191 0.49124 0.048381 0.355206
