0 0.896171 0.488464 0.448861 0.103188 0.406258
0 0.937326 0.367305 0.471093 0.106605 0.371796
0 0.547038 0.709066 0.501057 0.069871 0.195823
0 0.826144 0.557125 0.499348 0.072512 0.185899
0 0.778726 0.902922 0.55767 0.182475 0.405833
0 0.49934 0.621573 0.448257 0.043132 0.075248
0 0.386759 0.71548 0.449398 0.055054 0.090631
0 0.376881 0.652127 0.4533 0.077824 0.087884
0 0.338001 0.69365 0.443281 0.027961 0.047043
0 0.301869 0.167416 0.433336 0.035465 0.117729
0 0.276834 0.181686 0.513842 0.059281 0.172761
0 0.164084 0.426668 0.4997 0.021684 0.084803
0 0.161931 0.592899 0.452713 0.02303 0.036955
0 0.152418 0.59134 0.465937 0.027147 0.062025
0 0.439407 0.437767 0.468129 0.025375 0.105508
0 0.396786 0.58442 0.456656 0.026985 0.050121
0 0.329678 0.687996 0.452453 0.030276 0.067811
0 0.299329 0.516447 0.47352 0.028332 0.100142
0 0.288751 0.64558 0.486635 0.072282 0.15905
0 0.172507 0.98377 0.504782 0.032227 0.301621
0 0.148696 0.932091 0.444999 0.106319 0.177618
