0 0.802411 0.828733 0.445893 0.068635 0.086826
0 0.661756 0.927318 0.43966 0.115576 0.144953
0 0.579471 0.851147 0.44394 0.026986 0.049532
0 0.504289 0.712436 0.45765 0.02056 0.026199
0 0.595121 0.689371 0.470053 0.024791 0.059972
0 0.311709 0.732722 0.460664 0.023735 0.03859
0 0.161376 0.649163 0.466076 0.016386 0.045562
0 0.138244 0.939363 0.636226 0.117924 0.727547
0 0.134493 0.967074 0.4637 0.064342 0.525101
0 0.125955 0.762011 0.456393 0.038051 0.04678
0 0.304903 0.732162 0.451808 0.02 0.024903
0 0.275984 0.749656 0.454302 0.017218 0.030277
0 0.134976 0.911896 0.529896 0.096592 0.317526
