0 0.812878 0.543802 0.485429 0.072224 0.279811
0 0.896045 0.306275 0.454965 0.057618 0.12023
0 0.87569 0.374436 0.456254 0.053925 0.11976
0 0.764515 0.911768 0.539075 0.176463 0.615155
0 0.690121 0.574262 0.493193 0.042674 0.219806
0 0.822299 0.469076 0.486935 0.051986 0.223294
0 0.7466 0.502872 0.485362 0.046854 0.235346
0 0.393563 0.258491 0.453544 0.044597 0.116881
0 0.155265 0.274584 0.427491 0.021225 0.041252
0 0.42143 0.243041 0.450686 0.04258 0.122735
0 0.330063 0.873136 0.548914 0.148668 0.504017
