0 0.374387 0.380136 0.460246 0.025384 0.092116
0 0.334249 0.159426 0.428752 0.080593 0.094352
0 0.330171 0.207125 0.421916 0.030165 0.031773
0 0.260913 0.240933 0.416231 0.028875 0.041551
0 0.229522 0.360262 0.439073 0.015289 0.028971
0 0.222391 0.29496 0.432933 0.044586 0.066869
0 0.209553 0.321489 0.435245 0.039486 0.067941
0 0.145524 0.10306 0.415992 0.028534 0.050945
0 0.432853 0.366986 0.454976 0.026358 0.088853
0 0.384589 0.101865 0.519828 0.042642 0.268973
0 0.381098 0.192809 0.417687 0.02897 0.033149
0 0.378942 0.389584 0.451907 0.014069 0.050012
0 0.33775 0.289888 0.451063 0.057682 0.112959
0 0.337636 0.308161 0.449261 0.037442 0.103187
0 0.336166 0.22321 0.420072 0.039122 0.056651
0 0.264948 0.152467 0.463636 0.078757 0.168555
0 0.263152 0.244816 0.415272 0.019529 0.02902
0 0.223804 0.341232 0.447842 0.025248 0.055155
