0 0.899248 0.550736 0.478782 0.083504 0.25664
0 0.619518 0.611809 0.449667 0.073502 0.11586
0 0.616972 0.676568 0.550387 0.125109 0.308158
0 0.80786 0.738192 0.453228 0.091653 0.128054
0 0.859513 0.354515 0.451903 0.038022 0.078329
0 0.738085 0.453647 0.471228 0.036364 0.168945
0 0.414232 0.31641 0.450674 0.04009 0.081019
0 0.411782 0.431683 0.474192 0.034434 0.154474
0 0.405979 0.486444 0.483249 0.031888 0.141092
0 0.379351 0.033445 0.472857 0.065711 0.132763
0 0.305591 0.389315 0.428098 0.028664 0.055107
0 0.29991 0.277546 0.446378 0.02751 0.076181
0 0.230587 0.119536 0.451292 0.065113 0.136202
0 0.194092 0.406525 0.429112 0.017047 0.052607
0 0.457852 0.302877 0.449637 0.038832 0.081734
0 0.43854 0.418825 0.470835 0.035474 0.152884
0 0.39121 0.470471 0.473941 0.030388 0.158666
0 0.37542 0.680345 0.455944 0.078556 0.116423
0 0.344286 0.262125 0.446082 0.028625 0.081887
