0 0.438528 0.026726 0.453134 0.052926 0.141807
0 0.18082 0.319858 0.480455 0.017213 0.037183
0 0.172821 0.292516 0.481763 0.012978 0.02561
0 0.142987 0.312402 0.500873 0.031246 0.066359
0 0.303157 0.043635 0.446249 0.08727 0.136444
0 0.242298 0.205794 0.47564 0.010179 0.031773
0 0.184859 0.218298 0.47951 0.014257 0.025156
0 0.172344 0.024935 0.514971 0.049786 0.298048
0 0.171664 0.270432 0.47803 0.010108 0.027143
0 0.164495 0.299587 0.479752 0.021738 0.047508
0 0.156138 0.294258 0.488244 0.030225 0.062042
