0 0.849171 0.254765 0.489303 0.32496 0.975282
0 0.829613 0.704106 0.531589 0.096752 0.212034
0 0.66365 0.541197 0.480102 0.014902 0.069612
0 0.35792 0.571403 0.48174 0.016707 0.068152
0 0.33042 0.55622 0.480101 0.01853 0.070384
0 0.261863 0.753463 0.452698 0.02199 0.042356
0 0.157122 0.748495 0.46989 0.029393 0.075599
0 0.377113 0.527908 0.481596 0.016959 0.07267
0 0.3127 0.668465 0.469554 0.025315 0.045249
0 0.291774 0.562849 0.481001 0.018827 0.074453
0 0.204918 0.538251 0.481461 0.00978 0.07089
0 0.14277 0.747527 0.520193 0.040924 0.176796
0 0.129757 0.578959 0.476775 0.007603 0.021292
