0 0.856008 0.393694 0.47132 0.109122 0.267792
0 0.790672 0.212638 0.518614 0.09813 0.28543
0 0.2901 0.29768 0.428272 0.026473 0.048365
0 0.269686 0.197013 0.415277 0.051793 0.07508
0 0.235272 0.339251 0.423986 0.0264 0.040807
0 0.227865 0.230717 0.411541 0.026455 0.043237
0 0.149821 0.199907 0.445963 0.064829 0.136045
0 0.145731 0.461657 0.466926 0.018443 0.048289
0 0.131261 0.363991 0.451401 0.032424 0.049436
0 0.428667 0.288402 0.433855 0.046707 0.068522
0 0.392466 0.331901 0.435077 0.044485 0.069162
0 0.324684 0.220996 0.404788 0.023484 0.040552
0 0.278722 0.448335 0.453586 0.016975 0.031205
0 0.188485 0.352153 0.504609 0.05437 0.174674
