0 0.790826 0.666923 0.449592 0.077295 0.094039
0 0.842851 0.846924 0.45593 0.168718 0.259416
0 0.846566 0.931676 0.478347 0.093945 0.185431
0 0.281104 0.52231 0.490323 0.027566 0.083422
0 0.242443 0.565877 0.466911 0.030979 0.038854
0 0.232568 0.544102 0.468153 0.021435 0.031598
0 0.183585 0.603171 0.464504 0.040986 0.047669
0 0.176535 0.457392 0.47885 0.013387 0.071779
0 0.382741 0.511532 0.482656 0.024613 0.081572
0 0.326614 0.558686 0.457729 0.018799 0.029611
0 0.317585 0.573878 0.459249 0.019219 0.035573
0 0.29313 0.531728 0.462665 0.018747 0.030168
0 0.286181 0.540154 0.461663 0.021372 0.029861
