0 0.479113 0.679726 0.466005 0.041666 0.062817
0 0.49202 0.93493 0.59427 0.130125 0.615153
0 0.633308 0.511473 0.485654 0.020018 0.085306
0 0.403294 0.482277 0.482799 0.024577 0.10392
0 0.271988 0.752535 0.549607 0.094084 0.225533
0 0.14359 0.527423 0.488744 0.014743 0.058939
0 0.124819 0.522733 0.487351 0.017019 0.087551
0 0.443963 0.472109 0.480381 0.027126 0.100296
0 0.383688 0.879069 0.455145 0.124666 0.128635
0 0.383295 0.670006 0.492751 0.056131 0.11595
0 0.382151 0.758287 0.456524 0.043806 0.039548
0 0.332538 0.497281 0.481757 0.01955 0.08235
0 0.264146 0.915828 0.421783 0.049698 0.063454
0 0.132226 0.851164 0.545304 0.184899 0.316486
