0 0.41522 0.962303 0.433161 0.075394 0.141943
0 0.847391 0.890246 0.543201 0.170059 0.426612
0 0.780216 0.659916 0.494159 0.087176 0.216252
0 0.314042 0.508531 0.481934 0.032423 0.091758
0 0.301799 0.553685 0.4561 0.030305 0.043263
0 0.287178 0.532211 0.455162 0.020175 0.031966
0 0.183774 0.959046 0.576064 0.081203 0.436213
0 0.181061 0.508398 0.461055 0.025245 0.052872
0 0.180608 0.570996 0.453139 0.019654 0.040195
0 0.143436 0.460788 0.460759 0.015524 0.042333
0 0.379454 0.497383 0.472154 0.026441 0.080157
0 0.367961 0.5598 0.449815 0.017611 0.036239
0 0.367435 0.544577 0.443654 0.016701 0.021536
0 0.325333 0.521095 0.453615 0.026888 0.032137
