0 0.635121 0.054645 0.398564 0.109121 0.189931
0 0.793752 0.755104 0.469859 0.144239 0.62219
0 0.830845 0.871822 0.549182 0.144638 0.379414
0 0.799464 0.607517 0.463908 0.112597 0.434541
0 0.862134 0.484796 0.466202 0.151351 0.546051
0 0.776247 0.133559 0.520987 0.193448 0.422192
0 0.77873 0.356532 0.420807 0.032706 0.044962
0 0.371547 0.375544 0.419318 0.031579 0.050825
0 0.295723 0.562832 0.324641 0.037952 0.063951
0 0.192908 0.903087 0.418538 0.056662 0.100119
0 0.187366 0.0553 0.518484 0.110599 0.42724
0 0.159539 0.529609 0.383024 0.055227 0.240315
0 0.376186 0.42199 0.462759 0.035571 0.191554
0 0.158554 0.091035 0.420545 0.069459 0.14831
