0 0.771735 0.383118 0.49234 0.135616 0.320775
0 0.831919 0.113781 0.546877 0.166574 0.388703
0 0.749905 0.269346 0.448109 0.047937 0.078105
0 0.371312 0.209487 0.470709 0.07588 0.160924
0 0.205858 0.32365 0.427411 0.025932 0.040124
0 0.126024 0.470077 0.479575 0.019724 0.048796
0 0.439053 0.224591 0.504084 0.117514 0.242745
0 0.373188 0.122636 0.42856 0.076597 0.128581
0 0.321063 0.17791 0.40722 0.043435 0.041222
0 0.297254 0.453873 0.46903 0.014526 0.034065
0 0.212958 0.466623 0.47157 0.008755 0.024466
0 0.197557 0.292409 0.435688 0.016061 0.019048
0 0.195098 0.317502 0.4441 0.035439 0.073636
