0 0.877968 0.055554 0.527227 0.111108 0.310986
0 0.832974 0.186212 0.442982 0.071164 0.086479
0 0.855246 0.370472 0.453615 0.061653 0.093559
0 0.76697 0.246708 0.44701 0.049677 0.073675
0 0.701784 0.419379 0.478216 0.039451 0.084299
0 0.696542 0.311469 0.451685 0.040661 0.064578
0 0.277242 0.282962 0.453385 0.035834 0.061052
0 0.240669 0.524259 0.481137 0.016625 0.058568
0 0.202569 0.346309 0.459709 0.024637 0.052382
0 0.177751 0.406816 0.455319 0.015253 0.028021
0 0.143838 0.406787 0.482528 0.028613 0.083292
0 0.404819 0.270117 0.451855 0.033871 0.062911
0 0.384992 0.51527 0.473239 0.018508 0.061113
0 0.3473 0.221859 0.437806 0.026289 0.034319
0 0.21285 0.395284 0.451855 0.016122 0.027272
