0 0.891704 0.399689 0.468474 0.088483 0.331125
0 0.735266 0.286616 0.485554 0.066337 0.182876
0 0.378732 0.451622 0.465913 0.019438 0.062364
0 0.259198 0.328635 0.427249 0.02056 0.0243
0 0.221611 0.353031 0.420945 0.026007 0.033747
0 0.309721 0.48063 0.463012 0.010387 0.025496
0 0.303808 0.340872 0.434666 0.045379 0.065705
0 0.255332 0.315557 0.427511 0.024288 0.034161
0 0.190092 0.312276 0.440239 0.028876 0.060325
0 0.172868 0.433659 0.474963 0.02561 0.078692
0 0.15418 0.275095 0.431329 0.04817 0.077463
