0 0.885784 0.60715 0.523845 0.114796 0.229008
0 0.886501 0.831241 0.547969 0.144293 0.35489
0 0.896823 0.679102 0.551687 0.105217 0.338845
0 0.842291 0.383811 0.473698 0.125629 0.447689
0 0.817598 0.43674 0.470581 0.076869 0.383811
0 0.561093 0.539432 0.46129 0.036918 0.066937
0 0.614229 0.530974 0.502133 0.054094 0.143264
0 0.85569 0.264659 0.471592 0.070857 0.310269
0 0.418296 0.476724 0.502814 0.046055 0.140381
0 0.785973 0.318582 0.477651 0.077554 0.38524
0 0.424882 0.483562 0.463721 0.051073 0.064798
0 0.221807 0.523938 0.464424 0.023285 0.062178
0 0.191452 0.489614 0.507371 0.048176 0.14722
0 0.126801 0.04637 0.349312 0.092741 0.694819
0 0.213192 0.067138 0.493951 0.134275 0.987901
