0 0.872176 0.682244 0.491362 0.107094 0.43849
0 0.906645 0.516666 0.484369 0.078707 0.257006
0 0.787132 0.880714 0.608351 0.238571 0.698853
0 0.784256 0.563644 0.491254 0.037167 0.154538
0 0.785827 0.612802 0.487056 0.048566 0.181446
0 0.253597 0.596195 0.498968 0.020411 0.109543
0 0.164536 0.584707 0.497586 0.017066 0.134207
0 0.127977 0.811356 0.405474 0.069074 0.11435
0 0.372655 0.767972 0.583986 0.134321 0.436696
0 0.329514 0.786723 0.452444 0.051552 0.130724
0 0.245401 0.589382 0.485964 0.019425 0.16382
0 0.193309 0.574509 0.483595 0.018896 0.126421
0 0.138129 0.953474 0.671327 0.093052 0.586288
