0 0.4184 0.483559 0.474249 0.010912 0.030922
0 0.281344 0.393876 0.464234 0.020954 0.028654
0 0.255087 0.496477 0.482321 0.011355 0.043977
0 0.212927 0.412151 0.503308 0.051727 0.117008
0 0.206223 0.369985 0.464706 0.02481 0.046192
0 0.204067 0.437904 0.465287 0.034756 0.071403
0 0.176929 0.370809 0.50088 0.026575 0.121572
0 0.411727 0.361393 0.49543 0.028507 0.112764
0 0.31674 0.389171 0.498103 0.03025 0.107023
0 0.304083 0.423833 0.472033 0.040896 0.088525
0 0.295092 0.471239 0.473147 0.011354 0.032963
0 0.281128 0.455712 0.476134 0.012672 0.028163
