0 0.662031 0.881222 0.596485 0.236389 0.53922
0 0.803418 0.673301 0.471463 0.05555 0.082955
0 0.892863 0.811101 0.475207 0.10349 0.15499
0 0.873343 0.261836 0.507742 0.141984 0.527636
0 0.542251 0.431122 0.503282 0.037202 0.105442
0 0.4086 0.60467 0.494769 0.070639 0.138285
0 0.377113 0.034085 0.515105 0.068021 0.201313
0 0.363077 0.447721 0.486381 0.025364 0.07313
0 0.169413 0.423872 0.485272 0.033294 0.062359
0 0.144646 0.091121 0.489483 0.066496 0.098225
0 0.457074 0.614576 0.530572 0.106181 0.206073
0 0.359572 0.414873 0.503408 0.038806 0.100946
0 0.327041 0.902806 0.451231 0.190333 0.236413
0 0.133163 0.622922 0.481211 0.024739 0.057231
