0 0.582272 0.162628 0.498525 0.096884 0.234451
0 0.32346 0.164082 0.427749 0.087136 0.096772
0 0.552917 0.315994 0.458996 0.060958 0.126125
0 0.566558 0.0843 0.532785 0.055023 0.303462
0 0.401501 0.422269 0.458167 0.033865 0.099675
0 0.291244 0.252782 0.412078 0.023172 0.039358
0 0.275948 0.08399 0.606988 0.047453 0.1586
0 0.254328 0.230639 0.420547 0.022633 0.02865
0 0.249259 0.274453 0.416583 0.022043 0.032034
0 0.218392 0.347371 0.453489 0.042928 0.104741
0 0.207276 0.394208 0.463479 0.024213 0.069012
0 0.153964 0.393374 0.441258 0.018388 0.031162
0 0.422982 0.404038 0.455811 0.034564 0.103519
0 0.387867 0.333609 0.453675 0.046357 0.114138
0 0.338566 0.213381 0.41802 0.034669 0.032824
0 0.33688 0.265106 0.413375 0.027947 0.035775
0 0.320659 0.242474 0.416406 0.028815 0.056975
0 0.235538 0.364783 0.446101 0.018693 0.027808
0 0.20469 0.377057 0.443168 0.016557 0.044059
