0 0.769357 0.168942 0.449552 0.056774 0.084946
0 0.693884 0.268833 0.443673 0.036052 0.078317
0 0.614486 0.357915 0.488481 0.063341 0.123704
0 0.287648 0.302746 0.455678 0.025755 0.057293
0 0.249069 0.133407 0.445492 0.040847 0.097009
0 0.228446 0.376512 0.459861 0.021777 0.034481
0 0.205022 0.093358 0.520422 0.121935 0.334822
0 0.176449 0.272836 0.429149 0.031338 0.045056
0 0.168595 0.351554 0.45671 0.046074 0.054904
0 0.129176 0.127851 0.422038 0.027111 0.050486
0 0.128969 0.400546 0.449292 0.031713 0.052287
0 0.447495 0.087874 0.419528 0.114558 0.139054
0 0.403517 0.291126 0.450956 0.029499 0.056878
0 0.398201 0.484452 0.479042 0.018792 0.061204
0 0.365745 0.338358 0.453034 0.039191 0.055961
