0 0.697355 0.065167 0.505337 0.130336 0.34306
0 0.936965 0.361377 0.467555 0.084407 0.282006
0 0.276325 0.222001 0.438246 0.037076 0.058652
0 0.25434 0.414342 0.470588 0.017925 0.041913
0 0.203543 0.430577 0.472853 0.01595 0.038518
0 0.402117 0.144379 0.412456 0.045553 0.043712
0 0.335123 0.204117 0.433216 0.048323 0.054835
0 0.207541 0.4 0.469601 0.017818 0.04375
0 0.178866 0.029817 0.52288 0.059572 0.373934
0 0.150199 0.224069 0.496705 0.101463 0.184475
0 0.149895 0.419173 0.470069 0.011858 0.024838
