0 0.78767 0.71138 0.494295 0.071589 0.219117
0 0.757327 0.540659 0.495138 0.081651 0.210415
0 0.736187 0.474549 0.46221 0.050829 0.173736
0 0.892388 0.411969 0.448561 0.054849 0.203105
0 0.409793 0.612694 0.430462 0.03355 0.068138
0 0.634521 0.683762 0.43513 0.030663 0.068819
0 0.545322 0.639597 0.480235 0.082575 0.182138
0 0.597614 0.447939 0.458024 0.028111 0.15093
0 0.65606 0.944527 0.568518 0.110838 0.536798
0 0.405246 0.092222 0.410271 0.050629 0.105804
0 0.312066 0.642745 0.441784 0.085218 0.106665
0 0.205236 0.593937 0.395486 0.033249 0.064277
0 0.198219 0.047021 0.448351 0.049073 0.067808
0 0.161073 0.615779 0.420194 0.025961 0.048069
0 0.157038 0.496445 0.461634 0.01996 0.167137
0 0.134206 0.594243 0.420345 0.040274 0.089747
0 0.133629 0.715559 0.43612 0.064894 0.101715
0 0.129651 0.465726 0.462971 0.024764 0.159964
0 0.12388 0.092853 0.502098 0.050687 0.212679
0 0.397585 0.590236 0.479455 0.074408 0.229819
0 0.233011 0.518407 0.412141 0.033003 0.061864
0 0.183658 0.430672 0.45693 0.020747 0.15098
0 0.139404 0.558719 0.443208 0.026134 0.044548
