0 0.900507 0.158468 0.487116 0.250816 0.972199
0 0.301467 0.502488 0.50318 0.041249 0.156797
0 0.825702 0.653831 0.499343 0.287043 0.96725
0 0.91195 0.43453 0.483952 0.05323 0.170375
0 0.183816 0.540855 0.594697 0.071389 0.620153
0 0.172752 0.569328 0.096119 0.052501 0.109406
0 0.150832 0.404571 0.494612 0.015627 0.055438
0 0.139258 0.530713 0.366607 0.122002 0.577811
0 0.133191 0.49553 0.462129 0.054725 0.250582
0 0.318331 0.388628 0.486987 0.017005 0.066146
0 0.205005 0.816885 0.743305 0.026749 0.24108
0 0.185126 0.407188 0.484068 0.013475 0.044221
0 0.139807 0.775829 0.494587 0.104693 0.737733
