0 0.765588 0.288685 0.522839 0.077703 0.177734
0 0.920452 0.368401 0.516365 0.071745 0.191235
0 0.72742 0.049513 0.470758 0.040581 0.189223
0 0.671911 0.233221 0.511714 0.075952 0.145269
0 0.484721 0.069874 0.471809 0.042958 0.182277
0 0.40621 0.129016 0.488347 0.051669 0.170333
0 0.395479 0.181809 0.467626 0.030571 0.050361
0 0.302079 0.257134 0.473167 0.04116 0.066605
0 0.18314 0.165215 0.457976 0.015762 0.033447
0 0.455094 0.111654 0.484583 0.054118 0.170906
0 0.372502 0.168702 0.465006 0.024697 0.050963
0 0.323253 0.153413 0.493828 0.032186 0.109379
0 0.211292 0.078326 0.475796 0.025874 0.153818
