0 0.593602 0.050259 0.524927 0.100519 0.405999
0 0.897115 0.473801 0.465816 0.065185 0.233296
0 0.523662 0.252829 0.416452 0.04616 0.069214
0 0.803583 0.305335 0.517106 0.123732 0.287935
0 0.279838 0.190663 0.387514 0.056315 0.064264
0 0.264077 0.395998 0.449519 0.015782 0.02497
0 0.167559 0.449674 0.471673 0.020253 0.073066
0 0.162137 0.379053 0.444981 0.020663 0.034191
0 0.144397 0.419848 0.451625 0.016283 0.02517
0 0.137709 0.292071 0.404142 0.03971 0.070191
0 0.460415 0.175998 0.405174 0.074542 0.102261
0 0.414634 0.439571 0.468543 0.019118 0.076597
0 0.390485 0.404905 0.451985 0.020935 0.028808
0 0.319669 0.422798 0.458102 0.015519 0.035254
0 0.287964 0.366992 0.43962 0.020335 0.034305
0 0.285414 0.341821 0.460861 0.071726 0.164298
0 0.250717 0.382786 0.445428 0.014181 0.025141
