0 0.644383 0.638968 0.449147 0.036581 0.062276
0 0.789694 0.528465 0.481974 0.048262 0.120881
0 0.340234 0.60455 0.44935 0.03917 0.066775
0 0.241556 0.567592 0.45192 0.034978 0.049685
0 0.211523 0.556439 0.443008 0.015743 0.023304
0 0.173884 0.499484 0.466155 0.015062 0.029951
0 0.169926 0.572629 0.440962 0.023755 0.028023
0 0.395203 0.610378 0.49671 0.055752 0.16708
0 0.352228 0.548473 0.449934 0.015977 0.040564
0 0.316411 0.486988 0.467873 0.015066 0.041378
0 0.265316 0.557844 0.447843 0.030128 0.048355
0 0.215311 0.560159 0.436833 0.027007 0.026822
