0 0.645058 0.424589 0.472642 0.039051 0.09567
0 0.566483 0.394803 0.505937 0.044726 0.118453
0 0.635742 0.359354 0.501974 0.035982 0.128555
0 0.258571 0.492524 0.47778 0.011529 0.040974
0 0.220214 0.388226 0.461569 0.018507 0.028424
0 0.172414 0.363268 0.461071 0.029548 0.04143
0 0.152081 0.482987 0.467836 0.008075 0.021721
0 0.128893 0.355796 0.461966 0.01725 0.046823
0 0.351841 0.480827 0.474061 0.012151 0.041405
0 0.290241 0.47049 0.472373 0.01171 0.035238
0 0.28877 0.453205 0.476515 0.014066 0.02876
0 0.255709 0.373759 0.464303 0.024495 0.035796
