0 0.895489 0.558478 0.485469 0.085242 0.303389
0 0.874245 0.794852 0.575505 0.20267 0.488329
0 0.655811 0.678664 0.4774 0.112197 0.325688
0 0.816894 0.501953 0.487923 0.034815 0.173485
0 0.826539 0.470129 0.485798 0.053622 0.196459
0 0.846872 0.360691 0.462345 0.04146 0.086899
0 0.790382 0.433644 0.485286 0.04756 0.171448
0 0.416602 0.094427 0.469335 0.071675 0.116137
0 0.413013 0.319025 0.462359 0.044533 0.086562
0 0.343308 0.275463 0.458371 0.032678 0.094902
0 0.243843 0.399781 0.436432 0.031577 0.057776
0 0.13222 0.420877 0.434904 0.01927 0.053329
0 0.463615 0.304605 0.463111 0.040868 0.09087
0 0.398169 0.260694 0.457652 0.031831 0.092448
0 0.166133 0.760933 0.495218 0.047388 0.081853
