0 0.851745 0.166741 0.525415 0.111968 0.340783
0 0.781186 0.389316 0.483786 0.122972 0.284126
0 0.241849 0.332463 0.42455 0.025567 0.03852
0 0.228607 0.309122 0.433571 0.018937 0.021768
0 0.219493 0.286108 0.439328 0.036865 0.072208
0 0.205113 0.466189 0.473567 0.019364 0.050873
0 0.151361 0.284901 0.425618 0.030299 0.040789
0 0.135853 0.21109 0.411543 0.030239 0.044892
0 0.41629 0.27283 0.439114 0.04048 0.074246
0 0.394025 0.201912 0.404761 0.030391 0.038472
0 0.379897 0.160975 0.414592 0.057927 0.086584
0 0.320495 0.296729 0.430191 0.017234 0.022292
0 0.293186 0.326889 0.441664 0.03914 0.077975
0 0.232202 0.450227 0.462664 0.017579 0.034213
0 0.135556 0.461627 0.465765 0.009676 0.032056
