0 0.807416 0.911618 0.51628 0.176764 0.523276
0 0.641743 0.678443 0.496406 0.101558 0.225003
0 0.329709 0.500671 0.480035 0.02932 0.091141
0 0.304365 0.525904 0.45468 0.021754 0.032451
0 0.268006 0.548879 0.456553 0.034428 0.046702
0 0.138826 0.898816 0.407276 0.040807 0.06356
0 0.137075 0.56343 0.449109 0.016501 0.033118
0 0.406493 0.491833 0.473055 0.027912 0.085745
0 0.366873 0.516144 0.451263 0.027743 0.033651
0 0.341994 0.539611 0.442134 0.016235 0.022252
0 0.303108 0.556613 0.447528 0.019364 0.03644
