0 0.615429 0.1432 0.424856 0.092602 0.121582
0 0.478126 0.360797 0.482419 0.051537 0.116027
0 0.335669 0.289889 0.444473 0.038586 0.074383
0 0.30655 0.355915 0.447728 0.036401 0.049419
0 0.227447 0.314056 0.439561 0.020998 0.027195
0 0.215682 0.491236 0.488308 0.021009 0.081447
0 0.184507 0.207799 0.43151 0.029514 0.040341
0 0.173264 0.38795 0.446933 0.023357 0.042988
0 0.157051 0.314781 0.451671 0.022813 0.05111
0 0.147623 0.128854 0.50416 0.125481 0.275997
0 0.414139 0.306718 0.445555 0.039399 0.057102
0 0.404114 0.195154 0.446028 0.033618 0.078049
0 0.403943 0.482903 0.473894 0.018082 0.058559
0 0.365322 0.342684 0.447258 0.030876 0.057088
0 0.357607 0.275011 0.425362 0.031333 0.04263
