0 0.777901 0.108983 0.52469 0.217965 0.40033
0 0.573677 0.376392 0.459111 0.073969 0.240166
0 0.434496 0.201228 0.434909 0.062658 0.095004
0 0.731153 0.249519 0.436566 0.037601 0.065859
0 0.774812 0.263967 0.549863 0.179259 0.348014
0 0.264753 0.188851 0.416568 0.037109 0.059247
0 0.370798 0.217849 0.421091 0.026854 0.052997
0 0.426478 0.484019 0.474611 0.029839 0.099502
0 0.124208 0.181726 0.496718 0.103615 0.217739
0 0.427441 0.471901 0.472704 0.031197 0.093578
0 0.295867 0.44791 0.480604 0.012995 0.05484
0 0.168328 0.065517 0.41299 0.128155 0.173429
0 0.137187 0.212791 0.440448 0.031997 0.0946
