0 0.873623 0.242114 0.469897 0.15058 0.515614
0 0.811569 0.671179 0.493764 0.161142 0.572153
0 0.858534 0.328602 0.459244 0.089575 0.449052
0 0.89787 0.408283 0.470606 0.101203 0.406934
0 0.679795 0.582105 0.499982 0.045946 0.156398
0 0.854491 0.530291 0.448626 0.112391 0.464557
0 0.319716 0.715947 0.479047 0.086109 0.53761
0 0.204052 0.601149 0.504447 0.268676 0.591377
0 0.189485 0.493791 0.421948 0.069906 0.271296
0 0.154536 0.505458 0.504913 0.073505 0.491786
0 0.306531 0.60608 0.473486 0.024476 0.051563
