0 0.653413 0.71257 0.49476 0.070108 0.221424
0 0.88095 0.545709 0.496725 0.09164 0.218078
0 0.831464 0.471819 0.462149 0.043749 0.153491
0 0.709404 0.94469 0.578051 0.110507 0.516049
0 0.819549 0.386466 0.452397 0.04849 0.16667
0 0.405217 0.643967 0.495795 0.08371 0.211698
0 0.87009 0.435842 0.450549 0.046467 0.178702
0 0.701735 0.684758 0.429902 0.030546 0.053246
0 0.696184 0.608551 0.435625 0.048746 0.080445
0 0.659386 0.643225 0.440829 0.081634 0.103189
0 0.603787 0.092404 0.48304 0.051708 0.250793
0 0.543206 0.571772 0.445964 0.023812 0.047573
0 0.471222 0.093711 0.412231 0.054262 0.109006
0 0.41961 0.046313 0.447961 0.040079 0.066094
0 0.309317 0.4106 0.411916 0.021498 0.038092
0 0.272357 0.023174 0.459118 0.045943 0.08484
0 0.26392 0.050741 0.51248 0.089965 0.19553
0 0.255582 0.410737 0.453964 0.023331 0.119284
