0 0.64953 0.166106 0.500536 0.094691 0.229614
0 0.378024 0.169305 0.427193 0.085592 0.094615
0 0.359007 0.318686 0.463958 0.063025 0.129822
0 0.342405 0.089873 0.534496 0.059273 0.30477
0 0.82382 0.422269 0.458167 0.033865 0.099675
0 0.59759 0.252782 0.412078 0.023172 0.039358
0 0.566204 0.08399 0.606988 0.047453 0.1586
0 0.521843 0.230639 0.420547 0.022633 0.02865
0 0.511443 0.274453 0.416583 0.022043 0.032034
0 0.448108 0.347371 0.453489 0.042928 0.104741
0 0.425299 0.394208 0.463479 0.024213 0.069012
0 0.315911 0.393374 0.441258 0.018388 0.031162
