0 0.658927 0.714215 0.494516 0.066728 0.219882
0 0.658612 0.5432 0.498605 0.087936 0.215952
0 0.776965 0.477496 0.463497 0.043394 0.171732
0 0.876526 0.416576 0.44819 0.050973 0.203889
0 0.410696 0.613407 0.436066 0.035 0.079981
0 0.664687 0.684494 0.429806 0.031242 0.056489
0 0.306633 0.641918 0.495283 0.085193 0.212674
0 0.623526 0.445113 0.459863 0.027479 0.143586
0 0.603463 0.931922 0.578928 0.135981 0.516869
0 0.831504 0.092222 0.410271 0.050629 0.105804
0 0.640314 0.642745 0.441784 0.085218 0.106665
0 0.421113 0.593937 0.395486 0.033249 0.064277
0 0.406716 0.047021 0.448351 0.049073 0.067808
0 0.330497 0.615779 0.420194 0.025961 0.048069
0 0.322219 0.496445 0.461634 0.01996 0.167137
0 0.27537 0.594243 0.420345 0.040274 0.089747
0 0.274186 0.715559 0.43612 0.064894 0.101715
0 0.266025 0.465726 0.462971 0.024764 0.159964
0 0.254184 0.092853 0.502098 0.050687 0.212679
