0 0.910145 0.268398 0.467414 0.139437 0.532408
0 0.783352 0.552639 0.500862 0.06418 0.186329
0 0.824134 0.849132 0.544531 0.212047 0.381522
0 0.867881 0.486153 0.469467 0.062779 0.248061
0 0.905738 0.429533 0.462408 0.076869 0.259392
0 0.561588 0.681403 0.450501 0.030781 0.071706
0 0.372352 0.600713 0.503323 0.062722 0.189605
0 0.620473 0.611931 0.41757 0.038899 0.083202
0 0.610794 0.647199 0.447789 0.070376 0.09072
0 0.834984 0.708617 0.448629 0.05706 0.091272
0 0.681583 0.164141 0.431033 0.02959 0.115693
0 0.645591 0.561511 0.419728 0.039136 0.063412
0 0.628678 0.181315 0.472696 0.060466 0.090958
0 0.380983 0.183924 0.514041 0.064949 0.172606
0 0.355703 0.46712 0.465318 0.039684 0.230258
0 0.321831 0.943991 0.534991 0.111966 0.434076
