0 0.920955 0.484361 0.471476 0.095372 0.337231
0 0.35775 0.147966 0.381626 0.100252 0.075266
0 0.810616 0.293589 0.535563 0.162641 0.326942
0 0.379586 0.0613 0.383426 0.04714 0.072869
0 0.765109 0.154525 0.518488 0.123501 0.350836
0 0.643952 0.116347 0.390829 0.036899 0.065894
0 0.62704 0.371772 0.446278 0.022833 0.038649
0 0.586865 0.437009 0.467228 0.022706 0.087988
0 0.580169 0.23581 0.429859 0.070312 0.116931
0 0.51811 0.413562 0.452903 0.019108 0.02695
0 0.513521 0.045901 0.511496 0.091803 0.331985
0 0.456502 0.391013 0.450327 0.017448 0.025383
0 0.387743 0.271731 0.405541 0.048567 0.091312
