0 0.897317 0.267787 0.430905 0.145797 0.549904
0 0.898177 0.366609 0.491681 0.160665 0.534321
0 0.83066 0.560505 0.495647 0.095053 0.22858
0 0.843018 0.655806 0.433131 0.088681 0.117896
0 0.706891 0.626618 0.422732 0.038162 0.07261
0 0.745745 0.726895 0.484414 0.079565 0.217402
0 0.390944 0.03889 0.319353 0.077779 0.638707
0 0.738374 0.70002 0.420522 0.03073 0.057442
0 0.277031 0.544892 0.401082 0.021411 0.03124
0 0.579646 0.526237 0.42372 0.041711 0.100107
0 0.572777 0.599257 0.410773 0.030154 0.072123
0 0.352218 0.212412 0.47355 0.040708 0.238076
0 0.296242 0.43407 0.436072 0.033727 0.220924
