0 0.837756 0.058484 0.528954 0.116968 0.310382
0 0.789399 0.189618 0.443069 0.064931 0.083759
0 0.847698 0.374385 0.452774 0.059607 0.091261
0 0.782591 0.252029 0.446742 0.053109 0.072483
0 0.727853 0.423895 0.48241 0.037015 0.090767
0 0.721421 0.316773 0.453557 0.042635 0.067449
0 0.568859 0.282962 0.453385 0.035834 0.061052
0 0.493817 0.524259 0.481137 0.016625 0.058568
0 0.415641 0.346309 0.459709 0.024637 0.052382
0 0.364718 0.406816 0.455319 0.015253 0.028021
0 0.295134 0.406787 0.482528 0.028613 0.083292
