0 0.492545 0.36677 0.466831 0.078224 0.215857
0 0.785844 0.143559 0.524666 0.185299 0.366742
0 0.83821 0.487659 0.480732 0.025379 0.086623
0 0.587095 0.234292 0.433978 0.020275 0.057917
0 0.531036 0.283394 0.44425 0.027667 0.038935
0 0.452434 0.215183 0.429301 0.042881 0.05203
0 0.448308 0.469481 0.488442 0.015351 0.045462
0 0.441974 0.258986 0.445635 0.023134 0.035761
0 0.326507 0.453366 0.478244 0.013674 0.023087
0 0.314994 0.272576 0.546909 0.189356 0.311915
0 0.29853 0.327401 0.45286 0.065293 0.125777
