0 0.880299 0.764534 0.563174 0.161628 0.406882
0 0.774079 0.682062 0.459048 0.088235 0.121407
0 0.854706 0.630468 0.50665 0.073998 0.249772
0 0.388752 0.84321 0.457844 0.103707 0.159443
0 0.83999 0.535152 0.491115 0.032294 0.159195
0 0.814065 0.509353 0.488303 0.043946 0.180127
0 0.872782 0.403909 0.467363 0.042126 0.080059
0 0.784708 0.474711 0.487592 0.03497 0.159415
0 0.861678 0.358039 0.465362 0.041678 0.084421
0 0.759176 0.316555 0.465274 0.027491 0.086661
0 0.540113 0.041407 0.471927 0.082764 0.113909
