0 0.89172 0.552668 0.480518 0.081503 0.259843
0 0.63605 0.61106 0.447823 0.068039 0.110978
0 0.804291 0.682432 0.551396 0.132006 0.317295
0 0.722237 0.74403 0.452573 0.104429 0.127858
0 0.830458 0.359902 0.453276 0.039498 0.077459
0 0.730323 0.459273 0.474006 0.035803 0.166862
0 0.849943 0.31641 0.450674 0.04009 0.081019
0 0.844915 0.431683 0.474192 0.034434 0.154474
0 0.833009 0.486444 0.483249 0.031888 0.141092
0 0.778372 0.033445 0.472857 0.065711 0.132763
0 0.627027 0.389315 0.428098 0.028664 0.055107
0 0.61537 0.277546 0.446378 0.02751 0.076181
0 0.47313 0.119536 0.451292 0.065113 0.136202
0 0.398248 0.406525 0.429112 0.017047 0.052607
