0 0.882006 0.655004 0.477425 0.090587 0.362584
0 0.831102 0.889811 0.59858 0.220379 0.660897
0 0.661923 0.820577 0.387932 0.056742 0.100744
0 0.873332 0.324264 0.449454 0.049591 0.094826
0 0.750189 0.508673 0.479394 0.037291 0.205716
0 0.329767 0.758511 0.576659 0.142437 0.483467
0 0.77978 0.46218 0.476291 0.039287 0.185529
0 0.844891 0.283316 0.447296 0.034274 0.103037
0 0.831437 0.380149 0.45247 0.044353 0.090066
0 0.821028 0.071552 0.458411 0.075545 0.128041
0 0.694609 0.531128 0.482435 0.031775 0.191659
0 0.659463 0.486277 0.478622 0.026669 0.187875
0 0.312659 0.436331 0.425191 0.018186 0.058272
