0 0.604816 0.942004 0.653238 0.115991 0.693386
0 0.881526 0.652423 0.481918 0.104954 0.406687
0 0.553903 0.845139 0.63938 0.21166 0.687615
0 0.862968 0.438347 0.475496 0.049318 0.190173
0 0.778219 0.505112 0.476876 0.047769 0.216427
0 0.873057 0.308717 0.448514 0.049685 0.097407
0 0.713755 0.474778 0.475785 0.034747 0.20367
0 0.856208 0.030775 0.462075 0.060378 0.139856
0 0.840722 0.262181 0.443453 0.038744 0.111808
0 0.820764 0.36463 0.449512 0.046985 0.094848
0 0.699529 0.528506 0.483583 0.029712 0.185396
