0 0.856535 0.58589 0.51144 0.107973 0.212892
0 0.875506 0.777008 0.538031 0.11105 0.316832
0 0.860546 0.409176 0.468138 0.16574 0.55027
0 0.505195 0.317417 0.467526 0.055836 0.390411
0 0.896152 0.277699 0.469596 0.119365 0.454871
0 0.802439 0.645959 0.541015 0.089777 0.302729
0 0.703803 0.91423 0.501576 0.17154 0.996847
0 0.380003 0.515393 0.501788 0.072758 0.141045
0 0.723478 0.527359 0.460912 0.043012 0.062955
0 0.362101 0.321927 0.32401 0.053645 0.108271
0 0.350152 0.327903 0.525494 0.033067 0.241051
