0 0.861112 0.547971 0.506864 0.083314 0.231274
0 0.903662 0.399748 0.469078 0.092742 0.354459
0 0.784859 0.718274 0.509852 0.083147 0.227806
0 0.893402 0.468646 0.487413 0.061102 0.261062
0 0.892334 0.350395 0.458632 0.06488 0.296495
0 0.720221 0.616896 0.445182 0.049589 0.081988
0 0.346865 0.650417 0.512496 0.085489 0.22674
0 0.748528 0.694658 0.437986 0.028946 0.054051
0 0.642668 0.58048 0.456573 0.025968 0.047779
0 0.806064 0.650897 0.454202 0.088496 0.107038
0 0.657072 0.048395 0.462535 0.063395 0.071916
0 0.477251 0.526294 0.420763 0.023916 0.065126
0 0.412818 0.014976 0.467267 0.029952 0.078606
0 0.32964 0.086109 0.469096 0.04126 0.099629
0 0.328668 0.561538 0.4155 0.022582 0.049498
0 0.25182 0.545032 0.418592 0.021558 0.041531
