0 0.573138 0.895489 0.542078 0.150846 0.423424
0 0.903728 0.461535 0.457276 0.070558 0.283477
0 0.63614 0.549571 0.504302 0.059743 0.189173
0 0.913278 0.383681 0.466949 0.073575 0.257186
0 0.811354 0.707626 0.448041 0.058939 0.093792
0 0.822928 0.500757 0.466808 0.034444 0.142713
0 0.701523 0.643966 0.451119 0.079687 0.08599
0 0.569604 0.582912 0.453987 0.023239 0.038694
0 0.721356 0.684635 0.438867 0.030053 0.042877
0 0.520666 0.182551 0.513744 0.06285 0.171383
0 0.49475 0.619996 0.446524 0.035395 0.068193
0 0.300074 0.595588 0.505485 0.090125 0.191164
0 0.268943 0.961024 0.546522 0.077621 0.479327
