0 0.838406 0.363447 0.480823 0.122869 0.191876
0 0.328998 0.111679 0.560531 0.202043 0.547843
0 0.323559 0.191155 0.47311 0.16435 0.444422
0 0.255472 0.260254 0.508559 0.079665 0.25248
0 0.890261 0.520526 0.475354 0.046891 0.15435
0 0.738064 0.20947 0.374854 0.122976 0.250022
0 0.687599 0.101861 0.342825 0.11226 0.21162
0 0.628923 0.314986 0.456753 0.038333 0.065664
0 0.601093 0.056374 0.392868 0.06708 0.202157
0 0.466793 0.459033 0.471203 0.027456 0.045871
0 0.451989 0.433535 0.476201 0.024438 0.046314
