0 0.794783 0.839857 0.56107 0.206917 0.369007
0 0.837247 0.460851 0.479075 0.095051 0.35034
0 0.907564 0.36703 0.48432 0.08535 0.331882
0 0.896618 0.565122 0.492175 0.087293 0.353048
0 0.577737 0.674181 0.468679 0.035432 0.070008
0 0.283383 0.435536 0.474468 0.049222 0.313375
0 0.837039 0.702013 0.46872 0.05355 0.085466
0 0.637307 0.190193 0.531756 0.054265 0.173564
0 0.618932 0.515515 0.429033 0.040765 0.117767
0 0.602808 0.64177 0.475184 0.072733 0.096194
0 0.426368 0.620647 0.471364 0.042572 0.084393
0 0.342327 0.425364 0.51337 0.043494 0.204237
0 0.309028 0.213563 0.454885 0.018134 0.103058
