0 0.718053 0.176456 0.450903 0.062316 0.082549
0 0.647108 0.273689 0.446036 0.036223 0.080429
0 0.429046 0.349958 0.494634 0.050777 0.128906
0 0.590211 0.302746 0.455678 0.025755 0.057293
0 0.511052 0.133407 0.445492 0.040847 0.097009
0 0.468737 0.376512 0.459861 0.021777 0.034481
0 0.420674 0.093358 0.520422 0.121935 0.334822
0 0.362047 0.272836 0.429149 0.031338 0.045056
0 0.345931 0.351554 0.45671 0.046074 0.054904
0 0.26505 0.127851 0.422038 0.027111 0.050486
0 0.264625 0.400546 0.449292 0.031713 0.052287
