0 0.846311 0.662419 0.395068 0.091285 0.236733
0 0.822972 0.522278 0.399827 0.054839 0.156593
0 0.616099 0.56294 0.437579 0.055857 0.101651
0 0.761488 0.821977 0.519152 0.235436 0.499747
0 0.841046 0.345557 0.448819 0.048101 0.177412
0 0.749324 0.40933 0.418407 0.033032 0.111044
0 0.791512 0.315268 0.473991 0.048564 0.130308
0 0.777996 0.382079 0.447372 0.036589 0.177011
0 0.616167 0.120718 0.371382 0.082144 0.212976
0 0.384569 0.969528 0.500157 0.060783 0.348637
0 0.33178 0.948621 0.659657 0.10195 0.674632
