0 0.920028 0.489299 0.454141 0.104549 0.420406
0 0.943273 0.369803 0.473724 0.106797 0.375541
0 0.295605 0.710428 0.50335 0.072108 0.19614
0 0.851917 0.558899 0.501832 0.075807 0.189035
0 0.738459 0.89877 0.560927 0.202461 0.415176
0 0.64409 0.625625 0.444755 0.03975 0.06629
0 0.793572 0.71548 0.449398 0.055054 0.090631
0 0.773305 0.652127 0.4533 0.077824 0.087884
0 0.693527 0.69365 0.443281 0.027961 0.047043
0 0.619391 0.167416 0.433336 0.035465 0.117729
0 0.568022 0.181686 0.513842 0.059281 0.172761
0 0.336676 0.426668 0.4997 0.021684 0.084803
0 0.332259 0.592899 0.452713 0.02303 0.036955
0 0.312739 0.59134 0.465937 0.027147 0.062025
