0 0.853446 0.853749 0.543382 0.222729 0.385312
0 0.691547 0.082346 0.489837 0.164691 0.971857
0 0.832666 0.709365 0.448122 0.057549 0.09267
0 0.414722 0.597449 0.481465 0.066175 0.234648
0 0.780769 0.551163 0.49915 0.061356 0.169728
0 0.524101 0.475321 0.467393 0.028335 0.177563
0 0.903167 0.44588 0.461155 0.058339 0.203373
0 0.76679 0.658017 0.450382 0.059026 0.085606
0 0.746784 0.503708 0.465741 0.059475 0.186667
0 0.409368 0.521264 0.463768 0.032355 0.187535
0 0.659446 0.688189 0.444376 0.027548 0.056765
0 0.626941 0.164269 0.435224 0.028983 0.12156
0 0.496532 0.605735 0.422857 0.043838 0.127957
0 0.387997 0.182346 0.509271 0.060179 0.164059
0 0.38365 0.521383 0.408227 0.031913 0.076693
0 0.330633 0.563248 0.407257 0.031941 0.059416
0 0.329872 0.962915 0.535166 0.074169 0.42695
0 0.272324 0.627831 0.428066 0.018088 0.028376
0 0.256538 0.925705 0.537929 0.148424 0.432229
