0 0.811516 0.747662 0.534424 0.124817 0.303259
0 0.893083 0.643768 0.477716 0.112457 0.387967
0 0.903041 0.387655 0.470126 0.068977 0.311184
0 0.894323 0.446816 0.47433 0.065839 0.329517
0 0.798582 0.547077 0.46908 0.083859 0.34772
0 0.71041 0.046447 0.426575 0.071717 0.126067
0 0.720823 0.219684 0.464887 0.09896 0.221035
0 0.463358 0.163894 0.438558 0.048116 0.119277
0 0.694885 0.077141 0.429469 0.089453 0.127932
0 0.634494 0.69188 0.426309 0.043001 0.131471
0 0.438136 0.13066 0.458297 0.104426 0.23001
0 0.391239 0.351097 0.428518 0.027013 0.044199
