0 0.802815 0.504065 0.510761 0.057249 0.13502
0 0.903743 0.569188 0.513844 0.059461 0.160853
0 0.530424 0.455375 0.509453 0.062985 0.124902
0 0.428008 0.331798 0.497139 0.01809 0.0893
0 0.344035 0.369285 0.496481 0.03353 0.096796
0 0.777994 0.399983 0.469352 0.030178 0.043431
0 0.463611 0.470321 0.478967 0.035356 0.065376
0 0.457987 0.35075 0.469274 0.02149 0.041818
0 0.389867 0.368733 0.47069 0.02923 0.04627
0 0.275023 0.330385 0.472117 0.015207 0.046393
0 0.27117 0.399365 0.496044 0.032206 0.097078
