0 0.525895 0.191049 0.513153 0.113674 0.267564
0 0.592496 0.044876 0.542162 0.089752 0.479897
0 0.413788 0.347224 0.420447 0.03677 0.041394
0 0.651928 0.427099 0.451743 0.049029 0.106021
0 0.779281 0.513124 0.476708 0.035675 0.12052
0 0.563139 0.291126 0.421944 0.020868 0.032072
0 0.479548 0.314539 0.469463 0.079217 0.161545
0 0.448149 0.127483 0.514505 0.106929 0.273147
0 0.413246 0.488537 0.448442 0.019196 0.033806
0 0.322792 0.488892 0.46977 0.024204 0.073307
0 0.292757 0.312625 0.409995 0.027307 0.047369
0 0.27231 0.532415 0.477546 0.015625 0.052578
0 0.259162 0.351144 0.440801 0.05043 0.080424
