0 0.888941 0.882015 0.548072 0.11768 0.312462
0 0.850209 0.546826 0.483447 0.06579 0.362729
0 0.806608 0.815247 0.480576 0.123817 0.482785
0 0.848025 0.491857 0.480304 0.10551 0.428315
0 0.896218 0.633684 0.437532 0.085712 0.289911
0 0.264925 0.160002 0.482725 0.140256 0.222819
0 0.667668 0.083196 0.423016 0.067666 0.117155
0 0.373553 0.210736 0.438238 0.042243 0.121087
0 0.541169 0.25872 0.477596 0.139402 0.254367
0 0.435881 0.179068 0.38128 0.040571 0.088973
0 0.780896 0.422917 0.438312 0.031837 0.039054
0 0.60789 0.743765 0.500651 0.063135 0.359208
