0 0.901661 0.608124 0.523867 0.112359 0.229541
0 0.836532 0.831998 0.547346 0.139036 0.354871
0 0.880516 0.679347 0.553162 0.101035 0.341058
0 0.804286 0.38168 0.472041 0.120806 0.44271
0 0.803464 0.437479 0.473285 0.080212 0.384983
0 0.67355 0.541036 0.46236 0.040647 0.066046
0 0.542601 0.534755 0.503489 0.053729 0.144435
0 0.863828 0.270233 0.470653 0.072137 0.310169
0 0.290239 0.474901 0.508392 0.039276 0.146408
0 0.83138 0.318384 0.479431 0.094277 0.390855
0 0.486418 0.490028 0.463614 0.049186 0.063341
0 0.455116 0.523938 0.464424 0.023285 0.062178
0 0.392832 0.489614 0.507371 0.048176 0.14722
0 0.260177 0.04637 0.349312 0.092741 0.694819
