0 0.71726 0.181574 0.506844 0.102776 0.256375
0 0.637928 0.048433 0.526353 0.096866 0.416028
0 0.332241 0.436942 0.450069 0.020565 0.039444
0 0.509903 0.382152 0.455312 0.043037 0.108697
0 0.294671 0.110671 0.46753 0.057751 0.166705
0 0.83728 0.468126 0.466699 0.038001 0.116131
0 0.514857 0.437029 0.467134 0.02363 0.06859
0 0.484901 0.255564 0.423302 0.020764 0.031268
0 0.465424 0.274789 0.414828 0.030225 0.045917
0 0.367438 0.105086 0.413171 0.046389 0.056984
0 0.358693 0.341365 0.428618 0.0355 0.06414
0 0.354225 0.306666 0.42314 0.03462 0.040493
