0 0.888779 0.158868 0.534383 0.138186 0.304613
0 0.25111 0.399285 0.468947 0.02604 0.036227
0 0.384584 0.369636 0.467297 0.017027 0.031653
0 0.596967 0.040586 0.55706 0.081146 0.375391
0 0.642733 0.434289 0.462223 0.033245 0.053435
0 0.540117 0.322976 0.465463 0.03001 0.053797
0 0.519491 0.406882 0.469543 0.022569 0.034186
0 0.454699 0.356254 0.454131 0.01852 0.027935
0 0.365543 0.383122 0.468252 0.017765 0.035415
0 0.350027 0.188002 0.432372 0.061156 0.089157
0 0.290714 0.289546 0.463047 0.041967 0.061524
0 0.25975 0.322763 0.506541 0.042495 0.136143
0 0.25037 0.355192 0.463385 0.024317 0.046312
