0 0.897089 0.466317 0.470322 0.070051 0.2983
0 0.915695 0.551061 0.444045 0.073275 0.27268
0 0.681905 0.26329 0.461753 0.081967 0.200013
0 0.78021 0.107651 0.424051 0.059925 0.11698
0 0.553478 0.379259 0.427435 0.027804 0.0373
0 0.627202 0.175503 0.48423 0.130782 0.271622
0 0.709334 0.755608 0.513047 0.132388 0.281876
0 0.837748 0.682356 0.408004 0.086476 0.254774
0 0.73371 0.389 0.425558 0.029091 0.041925
0 0.523306 0.142124 0.428683 0.078897 0.11053
0 0.430378 0.650205 0.413955 0.032301 0.167376
