0 0.849853 0.524661 0.481186 0.080354 0.325736
0 0.851075 0.650374 0.482205 0.112323 0.427007
0 0.817485 0.252486 0.448781 0.068952 0.138819
0 0.700142 0.483152 0.484314 0.047867 0.292321
0 0.552636 0.964074 0.563727 0.069439 0.843203
0 0.873538 0.43727 0.482683 0.074609 0.255961
0 0.896225 0.334817 0.494025 0.06312 0.219627
0 0.792842 0.192953 0.446106 0.057068 0.146721
0 0.773106 0.563207 0.510204 0.047289 0.21715
0 0.445782 0.603339 0.530185 0.04053 0.244782
0 0.391259 0.683437 0.516166 0.054941 0.312887
