0 0.499322 0.055735 0.526577 0.11147 0.463344
0 0.540169 0.430638 0.452595 0.021408 0.032827
0 0.90763 0.487123 0.465384 0.057946 0.210243
0 0.790567 0.35849 0.444771 0.043364 0.060999
0 0.56152 0.258993 0.44398 0.063742 0.094913
0 0.404326 0.045143 0.408682 0.089821 0.205332
0 0.692851 0.332249 0.445083 0.024396 0.036325
0 0.579121 0.397566 0.45207 0.032158 0.041149
0 0.441122 0.442434 0.452438 0.019162 0.032611
0 0.371195 0.020239 0.408715 0.040358 0.20955
0 0.255054 0.461099 0.472392 0.023429 0.063693
