0 0.855582 0.811695 0.545339 0.139904 0.379136
0 0.26159 0.653264 0.441673 0.049509 0.082887
0 0.604369 0.773701 0.419512 0.032144 0.042155
0 0.305923 0.579169 0.442169 0.048718 0.083406
0 0.810305 0.614023 0.51434 0.115273 0.241002
0 0.798003 0.937454 0.542874 0.124057 0.40687
0 0.476845 0.713482 0.421268 0.022577 0.038699
0 0.411279 0.52414 0.462936 0.015859 0.030447
0 0.394187 0.659489 0.424535 0.034976 0.050329
0 0.340252 0.746282 0.445339 0.095761 0.115119
0 0.286095 0.736709 0.409627 0.031279 0.046439
