0 0.882717 0.560374 0.486364 0.082255 0.30123
0 0.818613 0.790442 0.571921 0.200135 0.486483
0 0.447676 0.680198 0.466334 0.101853 0.301469
0 0.813264 0.505062 0.489622 0.031887 0.172989
0 0.820177 0.475534 0.487029 0.053348 0.196488
0 0.819468 0.365686 0.462351 0.043274 0.085287
0 0.777803 0.439925 0.487651 0.049947 0.174461
0 0.854805 0.094427 0.469335 0.071675 0.116137
0 0.847442 0.319025 0.462359 0.044533 0.086562
0 0.704418 0.275463 0.458371 0.032678 0.094902
0 0.50033 0.399781 0.436432 0.031577 0.057776
0 0.271295 0.420877 0.434904 0.01927 0.053329
