0 0.806981 0.873849 0.538143 0.210068 0.403944
0 0.823907 0.558622 0.501683 0.076885 0.187825
0 0.806309 0.514889 0.459302 0.057157 0.232884
0 0.596716 0.620346 0.44796 0.036216 0.071811
0 0.858904 0.707191 0.447612 0.060457 0.094249
0 0.905707 0.442735 0.467933 0.063838 0.210814
0 0.735312 0.687028 0.4406 0.028927 0.051079
0 0.724919 0.648293 0.45065 0.077003 0.086926
0 0.461166 0.584398 0.454351 0.024434 0.038842
0 0.787246 0.478409 0.472988 0.040613 0.190777
0 0.361797 0.968019 0.527631 0.063868 0.413189
0 0.307873 0.598939 0.504669 0.075423 0.188657
