0 0.896628 0.449644 0.472975 0.106781 0.348114
0 0.890513 0.22568 0.452163 0.164997 0.606158
0 0.745647 0.727468 0.495934 0.076664 0.236979
0 0.88112 0.322416 0.440779 0.094284 0.398947
0 0.806761 0.621666 0.429687 0.054738 0.082256
0 0.842573 0.661353 0.433524 0.093518 0.111087
0 0.848047 0.400901 0.460862 0.071748 0.334612
0 0.886618 0.553115 0.493764 0.092346 0.235457
0 0.821546 0.702706 0.422086 0.030593 0.058696
0 0.653106 0.578486 0.408038 0.028731 0.071633
0 0.559463 0.032603 0.448933 0.065206 0.075268
