0 0.541371 0.057224 0.400304 0.1141 0.194017
0 0.675995 0.750969 0.465952 0.142731 0.617297
0 0.832823 0.872214 0.541654 0.138992 0.370263
0 0.81872 0.602859 0.460502 0.118978 0.426904
0 0.857136 0.473359 0.462833 0.140759 0.549023
0 0.717036 0.116512 0.520691 0.233024 0.426687
0 0.725756 0.353459 0.424434 0.030837 0.040026
0 0.762359 0.375544 0.419318 0.031579 0.050825
0 0.60678 0.562832 0.324641 0.037952 0.063951
0 0.395819 0.903087 0.418538 0.056662 0.100119
0 0.384448 0.0553 0.518484 0.110599 0.42724
0 0.32735 0.529609 0.383024 0.055227 0.240315
