0 0.839546 0.166099 0.501283 0.318334 0.997433
0 0.867097 0.542811 0.490071 0.088136 0.216095
0 0.474407 0.688939 0.428197 0.024676 0.064906
0 0.525798 0.610711 0.426854 0.051397 0.085286
0 0.896111 0.420857 0.440596 0.038635 0.157462
0 0.768763 0.494765 0.449647 0.039718 0.139744
0 0.841387 0.640948 0.428689 0.076879 0.097898
0 0.841208 0.458329 0.450802 0.035664 0.136602
0 0.767 0.713069 0.425996 0.063874 0.104608
0 0.766826 0.946691 0.567011 0.106353 0.520573
0 0.616673 0.573087 0.435107 0.025391 0.048425
0 0.437051 0.689413 0.414292 0.021454 0.03725
