0 0.766565 0.711438 0.494323 0.073053 0.219125
0 0.800248 0.538983 0.497306 0.085962 0.216638
0 0.881792 0.479752 0.459076 0.075994 0.251534
0 0.930802 0.375009 0.44718 0.073268 0.238536
0 0.664081 0.947304 0.580526 0.105392 0.512421
0 0.658919 0.610357 0.435057 0.046945 0.080364
0 0.298847 0.642889 0.496313 0.088571 0.211562
0 0.598115 0.686752 0.429195 0.028192 0.057934
0 0.535092 0.449685 0.459901 0.041119 0.199179
0 0.62151 0.641917 0.442641 0.088565 0.105324
0 0.617368 0.429468 0.464819 0.03291 0.129638
0 0.615949 0.573008 0.44653 0.023743 0.047449
0 0.435039 0.047841 0.448914 0.067271 0.07086
0 0.415721 0.092041 0.514625 0.051801 0.190382
0 0.330254 0.092876 0.412243 0.056075 0.110208
0 0.29234 0.017407 0.457446 0.033976 0.080853
